175
AB19401  0.0697 0.1154 0.0621 0.0626 0.0658 0.0501 0.0502 0.1055 0.1255 0.0625 0.1315 0.1087 0.1557 0.1109 0.1349 0.1777 0.1092 0.1329 0.1007 0.0724 0.1093 0.1106 0.0616 0.062 0.111 0.1319 0.1783 0.1157 0.0903 0.1325 0.1086 0.1744 0.0611 0.1111 0.1347 0.1076 0.1313 0.1325 0.1311 0.1325 0.1319 0.1114 0.0622 0.1108 0.1752 0.1768 0.1807 0.1315 0.147 0.0647 0.0628 0.116 0.1168 0.1199 0.1196 0.1184 0.1139 0.11 0.1101 0.0632 0.0617 0.0618 0.0611 0.1462 0.0722 0.1411 0.1494 0.1506 0.1519 0.1608 0.1544 0.1148 0.114 0.115 0.117 0.1152 0.117 0.1365 0.1104 0.1829 0.1561 0.1107 0.1132 0.1122 0.1143 0.1155 0.1111 0.0657 0.0665 0.0662 0.0662 0.0618 0.0617 0.061 0.0613 0.0626 0.1384 0.168 0.1772 0.1785 0.1081 0.1779 0.064 0.0759 0.1272 0.1636 0.1589 0.1375 0.1367 0.1621 0.1273 0.0755 0.1662 0.1834 0.0677 0.1643 0.1094 0.0754 0.1603 0.1152 0.1143 0.0661 0.1148 0.0655 0.1122 0.1137 0.1143 0.1143 0.1591 0.1544 0.1549 0.1151 0.1134 0.1143 0.114 0.095 0.0736 0.124 0.0759 0.1254 0.1275 0.1538 0.1544 0.1581 0.1137 0.1554 0.1566 0.1588 0.1551 0.1504 0.1573 0.1518 0.1571 0.1611 0.1371 0.181 0.1903 0.1103 0.1927 0.1383 0.1819 0.1561 0.1187 0.1778 0.1568 0.1797 0.1762 0.1886 0.1682 0.1798 0.1816 0.1739 0.1888 0.1822 0.1826
ABRI183097  0.1154 0.1796 0.1047 0.1021 0.1002 0.1101 0.1143 0.1163 0.1312 0.1134 0.1604 0.1162 0.1096 0.1173 0.1684 0.1568 0.1164 0.1613 0.1328 0.1141 0.1162 0.1159 0.114 0.1162 0.1172 0.1605 0.158 0.1361 0.133 0.1607 0.1295 0.1725 0.1074 0.1179 0.1611 0.1153 0.1602 0.1624 0.1613 0.1622 0.1616 0.1158 0.1087 0.117 0.1726 0.1788 0.1605 0.1604 0.1109 0.1101 0.1028 0.1374 0.1187 0.1231 0.1204 0.1193 0.1029 0.101 0.116 0.1159 0.1175 0.1097 0.1077 0.143 0.1169 0.1424 0.1089 0.1102 0.11 0.1145 0.1112 0.1006 0.1033 0.1041 0.1065 0.1032 0.1076 0.1464 0.1256 0.1612 0.1201 0.1179 0.101 0.1022 0.1019 0.1017 0.1041 0.0943 0.0994 0.1004 0.1164 0.1086 0.1058 0.1028 0.1118 0.1101 0.1634 0.171 0.1745 0.1735 0.1275 0.1727 0.1075 0.121 0.1566 0.179 0.1618 0.1533 0.1486 0.1767 0.1514 0.1149 0.173 0.1861 0.099 0.1664 0.1295 0.1053 0.1161 0.1027 0.1048 0.0959 0.1015 0.0993 0.1009 0.101 0.1028 0.1031 0.1158 0.1123 0.1101 0.1021 0.1019 0.1015 0.101 0.117 0.1151 0.1524 0.1212 0.1522 0.1556 0.1124 0.1115 0.1131 0.1141 0.1121 0.112 0.1143 0.1121 0.11 0.1124 0.1087 0.1135 0.1316 0.1656 0.1845 0.1934 0.1315 0.1959 0.1472 0.176 0.1412 0.1334 0.1726 0.1431 0.1822 0.1716 0.1935 0.1698 0.1827 0.1839 0.1776 0.1917 0.1851 0.1881
IG17NY001  0.0621 0.1047 0.0656 0.0583 0.0616 0.0619 0.0623 0.0964 0.1124 0.0598 0.1222 0.0991 0.1384 0.1013 0.1255 0.1605 0.1 0.1238 0.0925 0.0677 0.0993 0.1001 0.0592 0.0598 0.1011 0.122 0.1616 0.1053 0.0844 0.1225 0.0992 0.1584 0.0574 0.1009 0.1241 0.0978 0.1217 0.1229 0.122 0.1228 0.1226 0.1011 0.0583 0.1007 0.1603 0.1607 0.1637 0.1224 0.1319 0.0601 0.0593 0.1063 0.1061 0.1092 0.1093 0.1082 0.1031 0.1003 0.1002 0.0599 0.0593 0.0587 0.0573 0.1308 0.0679 0.1297 0.1326 0.1339 0.1347 0.143 0.1371 0.1037 0.1029 0.1044 0.1057 0.1042 0.1061 0.1262 0.1012 0.1656 0.1393 0.1009 0.1028 0.1013 0.1031 0.1045 0.1012 0.0614 0.0626 0.062 0.0638 0.0583 0.0581 0.0581 0.0584 0.059 0.1278 0.1516 0.1613 0.1621 0.0982 0.1612 0.0598 0.0719 0.1205 0.1495 0.1434 0.1262 0.1237 0.1479 0.1149 0.0722 0.152 0.1668 0.0633 0.1489 0.099 0.0696 0.1429 0.1039 0.104 0.0619 0.1032 0.0618 0.1013 0.1026 0.1037 0.1032 0.1419 0.1374 0.1378 0.1038 0.1027 0.1033 0.103 0.0998 0.0699 0.1179 0.0724 0.1184 0.1213 0.1368 0.1378 0.1406 0.1029 0.1387 0.1394 0.1413 0.1376 0.1333 0.1397 0.1347 0.1406 0.1433 0.1268 0.1645 0.1737 0.1008 0.1758 0.126 0.165 0.1394 0.1063 0.1613 0.139 0.1635 0.1596 0.1726 0.1525 0.1638 0.1651 0.1581 0.1719 0.1655 0.171
IG18RN01  0.0626 0.1021 0.0583 0.0659 0.0623 0.0621 0.0624 0.0944 0.1092 0.0601 0.1207 0.0976 0.1353 0.0995 0.1241 0.1584 0.0979 0.1226 0.0921 0.0686 0.0977 0.099 0.0596 0.06 0.0998 0.1209 0.1588 0.105 0.0838 0.1221 0.097 0.1549 0.0587 0.1 0.124 0.0967 0.1212 0.1217 0.1214 0.1218 0.1216 0.0994 0.0592 0.0994 0.1578 0.1588 0.1611 0.1217 0.1287 0.0616 0.0604 0.1051 0.1043 0.1071 0.1084 0.1074 0.101 0.0984 0.0986 0.0609 0.0606 0.0587 0.0583 0.1288 0.0688 0.1279 0.1299 0.1303 0.1317 0.1399 0.1335 0.1017 0.101 0.102 0.1034 0.1023 0.1043 0.1247 0.1004 0.163 0.1367 0.099 0.1006 0.0995 0.1011 0.1025 0.099 0.0617 0.0622 0.0619 0.0637 0.0592 0.0594 0.0585 0.0597 0.0603 0.1274 0.1497 0.1577 0.1594 0.0965 0.158 0.0613 0.0732 0.1211 0.1489 0.1414 0.1248 0.123 0.1469 0.1156 0.0722 0.15 0.1646 0.0635 0.1469 0.0972 0.0692 0.1392 0.1019 0.1019 0.0613 0.1015 0.0618 0.0993 0.1008 0.1015 0.1014 0.1388 0.1344 0.1349 0.1023 0.1008 0.1008 0.101 0.099 0.0703 0.1183 0.0735 0.1188 0.1209 0.1336 0.1342 0.1377 0.1019 0.1352 0.1358 0.1378 0.1343 0.1305 0.1361 0.1318 0.1371 0.1405 0.1257 0.1622 0.1715 0.0984 0.1736 0.1231 0.1617 0.1354 0.1043 0.1581 0.136 0.1614 0.1562 0.1696 0.1496 0.1612 0.1629 0.156 0.1697 0.1637 0.1697
IG18RN02  0.0658 0.1002 0.0616 0.0623 0.0728 0.0654 0.0657 0.1074 0.1261 0.0633 0.133 0.1108 0.1587 0.1129 0.1371 0.1795 0.1107 0.1345 0.1018 0.0718 0.1103 0.1122 0.063 0.0639 0.1133 0.1324 0.1806 0.1159 0.0911 0.1338 0.1096 0.1755 0.0618 0.1135 0.1357 0.109 0.1331 0.1341 0.1327 0.1339 0.1339 0.1138 0.0629 0.1127 0.1771 0.1779 0.1829 0.1328 0.1498 0.0648 0.063 0.1171 0.1015 0.1032 0.1214 0.1199 0.0985 0.0985 0.1123 0.0646 0.0636 0.0624 0.0616 0.1468 0.0742 0.1399 0.1517 0.1523 0.1539 0.1639 0.157 0.1 0.0991 0.1002 0.1018 0.1004 0.1019 0.1215 0.1121 0.1851 0.1588 0.1127 0.0986 0.0975 0.0995 0.1008 0.097 0.0509 0.0502 0.0497 0.0678 0.0622 0.0619 0.0615 0.0628 0.0635 0.1391 0.1688 0.1784 0.1795 0.1066 0.1789 0.0652 0.0771 0.1286 0.1652 0.1599 0.1385 0.1371 0.1635 0.1282 0.0767 0.1678 0.1844 0.0518 0.1655 0.1101 0.0586 0.1632 0.1001 0.0998 0.0508 0.0996 0.05 0.0968 0.0992 0.0995 0.0995 0.1625 0.1572 0.1577 0.1004 0.099 0.0995 0.0994 0.1114 0.0747 0.1254 0.0768 0.1265 0.1292 0.1566 0.1572 0.1614 0.1138 0.1586 0.1598 0.1611 0.1576 0.1527 0.1599 0.154 0.1604 0.1623 0.1383 0.1824 0.1919 0.1107 0.1942 0.139 0.1829 0.1564 0.1172 0.1788 0.1569 0.1811 0.177 0.1908 0.169 0.1812 0.1827 0.1752 0.1903 0.1838 0.1844
IG19G105  0.0501 0.1101 0.0619 0.0621 0.0654 0.0689 0.0346 0.1016 0.1197 0.0623 0.128 0.104 0.1467 0.107 0.1318 0.1703 0.1055 0.1299 0.0981 0.0715 0.1046 0.1058 0.0607 0.062 0.1061 0.1284 0.171 0.1123 0.089 0.129 0.1053 0.1682 0.0601 0.1071 0.1309 0.104 0.128 0.1292 0.1282 0.1291 0.1282 0.1065 0.0615 0.1067 0.1683 0.1705 0.1731 0.1286 0.1396 0.0642 0.0628 0.1119 0.1125 0.1154 0.1145 0.1136 0.1094 0.1059 0.1054 0.0629 0.0623 0.0611 0.0602 0.14 0.0719 0.1369 0.1414 0.1418 0.1432 0.1518 0.1457 0.1096 0.1092 0.1101 0.1119 0.1102 0.1122 0.1327 0.1064 0.1749 0.1484 0.1062 0.1084 0.1075 0.1091 0.1104 0.1064 0.0647 0.0655 0.0651 0.0657 0.0614 0.0611 0.0606 0.0611 0.0619 0.1342 0.1619 0.1706 0.1714 0.1048 0.1709 0.0641 0.0752 0.1243 0.1579 0.1529 0.1339 0.1317 0.156 0.1223 0.0751 0.1607 0.1766 0.0666 0.1584 0.1054 0.074 0.1516 0.1103 0.1098 0.0645 0.1098 0.0647 0.1073 0.1086 0.109 0.1095 0.1502 0.1456 0.1459 0.1103 0.1085 0.1094 0.109 0.1057 0.0729 0.1215 0.0751 0.123 0.1248 0.1453 0.1461 0.1489 0.1095 0.1465 0.1476 0.1499 0.1464 0.1426 0.1483 0.1435 0.1483 0.1526 0.1338 0.1747 0.1836 0.1067 0.1859 0.1335 0.1748 0.1487 0.1137 0.1703 0.1492 0.1733 0.1691 0.1826 0.1623 0.1733 0.175 0.1676 0.1822 0.176 0.1781
IG19G114  0.0502 0.1143 0.0623 0.0624 0.0657 0.0346 0.0682 0.105 0.1243 0.0626 0.1307 0.1077 0.1544 0.1107 0.1349 0.1768 0.1089 0.1327 0.1003 0.0723 0.108 0.1097 0.0608 0.062 0.1098 0.1312 0.1773 0.1156 0.0902 0.132 0.1084 0.1738 0.0605 0.1108 0.1339 0.1073 0.1308 0.1319 0.1309 0.1319 0.1312 0.1102 0.0617 0.1103 0.1742 0.1758 0.1798 0.1314 0.146 0.0644 0.0632 0.1153 0.1161 0.1191 0.1187 0.1177 0.1131 0.1091 0.1092 0.0632 0.0626 0.0613 0.0604 0.1451 0.0728 0.1403 0.1487 0.1491 0.1505 0.1595 0.1531 0.1137 0.1132 0.1141 0.1159 0.1143 0.1162 0.136 0.1101 0.1818 0.1553 0.11 0.1125 0.1114 0.1131 0.1146 0.1103 0.0652 0.066 0.0656 0.0662 0.0616 0.0612 0.061 0.0613 0.0622 0.1373 0.1669 0.1763 0.1775 0.1078 0.177 0.0645 0.0757 0.1265 0.1625 0.158 0.1375 0.1357 0.1606 0.1258 0.0759 0.1655 0.1819 0.067 0.1636 0.1086 0.0749 0.1591 0.1145 0.1136 0.0652 0.114 0.0652 0.1111 0.1128 0.1131 0.1134 0.1575 0.1528 0.1533 0.1144 0.1125 0.1135 0.1129 0.1093 0.0737 0.1236 0.0756 0.1251 0.127 0.1526 0.153 0.1567 0.1128 0.1539 0.1553 0.1573 0.1535 0.1496 0.156 0.1504 0.1556 0.1594 0.1369 0.18 0.1892 0.1097 0.1916 0.1377 0.1808 0.1549 0.1171 0.1764 0.1554 0.1786 0.1749 0.1881 0.167 0.179 0.1806 0.1727 0.1875 0.1814 0.1819
IG20NY001  0.1055 0.1163 0.0964 0.0944 0.1074 0.1016 0.105 0.1636 0.124 0.1038 0.1534 0.1109 0.1135 0.1127 0.1602 0.1564 0.1108 0.1545 0.1229 0.1082 0.1121 0.1122 0.1034 0.1059 0.1124 0.1535 0.1573 0.1308 0.1237 0.1534 0.122 0.166 0.0975 0.1134 0.1557 0.1097 0.1535 0.1547 0.154 0.1545 0.1537 0.1117 0.099 0.1122 0.1675 0.1755 0.1588 0.1534 0.113 0.1007 0.0941 0.1302 0.1292 0.1349 0.1214 0.1201 0.1148 0.1113 0.1119 0.106 0.1063 0.0997 0.0977 0.1417 0.1083 0.1418 0.1089 0.1106 0.1112 0.1174 0.1133 0.1153 0.1147 0.1159 0.1176 0.1162 0.1186 0.1567 0.1174 0.1606 0.1189 0.1136 0.1146 0.1137 0.1151 0.1165 0.1131 0.1018 0.1071 0.1072 0.1077 0.0995 0.0966 0.0944 0.1017 0.1008 0.1592 0.1675 0.1692 0.1703 0.1223 0.1689 0.0986 0.1143 0.15 0.1741 0.1581 0.1474 0.145 0.1721 0.1461 0.1089 0.1699 0.1824 0.1066 0.1629 0.1227 0.1171 0.1164 0.1157 0.1192 0.1035 0.1153 0.1065 0.1137 0.1147 0.1159 0.1151 0.1165 0.1132 0.1133 0.116 0.1143 0.115 0.1151 0.1116 0.1093 0.1466 0.114 0.1466 0.1498 0.112 0.1133 0.115 0.1142 0.1131 0.114 0.1149 0.1127 0.1095 0.1143 0.1108 0.1165 0.1317 0.1587 0.1801 0.1891 0.1236 0.1917 0.141 0.173 0.1385 0.131 0.1692 0.1389 0.1785 0.1671 0.1881 0.1664 0.1787 0.1805 0.1733 0.1879 0.1809 0.1841
IG20NY003  0.1255 0.1312 0.1124 0.1092 0.1261 0.1197 0.1243 0.124 0.1227 0.1232 0.1579 0.1265 0.122 0.1292 0.1648 0.1538 0.128 0.1587 0.1209 0.1231 0.1256 0.1284 0.1242 0.1269 0.1295 0.1576 0.1553 0.1224 0.1407 0.1584 0.1083 0.1341 0.1163 0.1296 0.1585 0.1267 0.1574 0.1596 0.1588 0.1591 0.159 0.129 0.1185 0.1282 0.1361 0.1611 0.156 0.1581 0.1133 0.1193 0.1115 0.1156 0.1141 0.1165 0.135 0.134 0.1307 0.1204 0.1289 0.1268 0.1281 0.1192 0.1165 0.0996 0.1265 0.1305 0.1167 0.1164 0.1199 0.1254 0.1212 0.1304 0.1292 0.1284 0.1302 0.1299 0.1286 0.1599 0.1184 0.1577 0.1139 0.1277 0.1277 0.128 0.129 0.1307 0.1268 0.1189 0.1256 0.1266 0.1276 0.1184 0.1146 0.1117 0.122 0.1188 0.1605 0.1539 0.137 0.1374 0.1095 0.1361 0.1163 0.1327 0.1592 0.163 0.1463 0.1504 0.1371 0.1611 0.1393 0.1271 0.1452 0.1678 0.1253 0.1501 0.109 0.1322 0.1263 0.1314 0.1247 0.1208 0.1306 0.1254 0.1272 0.1289 0.1282 0.1292 0.1238 0.1205 0.1216 0.131 0.1287 0.1293 0.1293 0.1272 0.126 0.1544 0.1322 0.1539 0.158 0.1218 0.1209 0.1237 0.1261 0.1229 0.1224 0.123 0.1223 0.1191 0.1233 0.1176 0.122 0.1055 0.1624 0.1659 0.174 0.1093 0.1765 0.1238 0.138 0.0874 0.1124 0.1356 0.0856 0.1641 0.1337 0.1736 0.1529 0.1647 0.1654 0.1593 0.173 0.1666 0.1795
IG20NY006  0.0625 0.1134 0.0598 0.0601 0.0633 0.0623 0.0626 0.1038 0.1232 0.0631 0.13 0.1071 0.1546 0.1086 0.1329 0.1758 0.107 0.1313 0.098 0.0699 0.1063 0.1087 0.0593 0.0604 0.1091 0.1294 0.1765 0.1143 0.0888 0.1305 0.1068 0.1728 0.0583 0.1088 0.1325 0.1055 0.1296 0.1306 0.1295 0.1306 0.1305 0.1093 0.0593 0.1087 0.1742 0.175 0.1793 0.1298 0.1458 0.061 0.0602 0.1141 0.1149 0.1182 0.118 0.1167 0.1119 0.1081 0.1083 0.0607 0.06 0.0586 0.0591 0.1442 0.0699 0.1386 0.1477 0.149 0.1504 0.1596 0.1527 0.1128 0.1114 0.1128 0.1146 0.1132 0.1151 0.1344 0.1083 0.1806 0.1545 0.1091 0.1108 0.1099 0.1119 0.1134 0.1097 0.0633 0.0634 0.0637 0.0649 0.0586 0.0587 0.0587 0.0585 0.0601 0.137 0.1664 0.176 0.1769 0.1062 0.1764 0.0615 0.074 0.1253 0.1617 0.1577 0.1361 0.135 0.1601 0.1249 0.0743 0.1646 0.1818 0.0648 0.1626 0.1074 0.0738 0.1585 0.113 0.1124 0.0638 0.1126 0.0634 0.1097 0.1115 0.1124 0.1124 0.1578 0.1532 0.1537 0.1131 0.1112 0.1124 0.1118 0.1079 0.0718 0.123 0.0739 0.1239 0.1257 0.152 0.1533 0.1563 0.1115 0.1546 0.1552 0.1566 0.1527 0.1477 0.1559 0.1491 0.1562 0.159 0.1347 0.1796 0.1888 0.1084 0.1906 0.1363 0.1807 0.1554 0.1154 0.1764 0.1547 0.177 0.1747 0.1878 0.1668 0.1783 0.1796 0.1721 0.187 0.1805 0.1817
IG20NY009  0.1315 0.1604 0.1222 0.1207 0.133 0.128 0.1307 0.1534 0.1579 0.13 0.2175 0.1554 0.177 0.1574 0.1358 0.1545 0.1558 0.1327 0.1453 0.1318 0.1529 0.1543 0.1301 0.1317 0.1572 0.1328 0.1548 0.1427 0.1331 0.1325 0.1516 0.1507 0.1253 0.158 0.134 0.1536 0.1315 0.133 0.133 0.1326 0.1327 0.1572 0.1261 0.1565 0.1529 0.12 0.1574 0.1329 0.168 0.1273 0.1216 0.1586 0.1563 0.1623 0.1618 0.1603 0.1601 0.1351 0.1573 0.1315 0.1325 0.1268 0.1249 0.1646 0.1319 0.1301 0.171 0.172 0.1725 0.1816 0.1763 0.1583 0.1567 0.1582 0.1567 0.1597 0.1596 0.1359 0.1563 0.1577 0.1762 0.1569 0.156 0.1577 0.1583 0.1591 0.1565 0.1277 0.1325 0.1329 0.1329 0.1255 0.1237 0.1221 0.1287 0.1268 0.1372 0.1153 0.1518 0.153 0.1517 0.153 0.1249 0.1371 0.1735 0.1272 0.1073 0.1209 0.1111 0.1257 0.1161 0.1331 0.1439 0.1216 0.1324 0.1117 0.1526 0.1385 0.1821 0.1602 0.1586 0.1291 0.1598 0.1328 0.1576 0.1568 0.1588 0.1576 0.1805 0.1736 0.1758 0.1596 0.1565 0.1572 0.1571 0.154 0.1315 0.1702 0.1378 0.1701 0.1731 0.1774 0.1757 0.1797 0.1489 0.1779 0.1782 0.1792 0.1764 0.1727 0.1785 0.1721 0.1787 0.1789 0.1364 0.1209 0.1255 0.1538 0.127 0.155 0.1543 0.1717 0.1577 0.1519 0.1732 0.1213 0.1515 0.1266 0.1139 0.1192 0.1208 0.1173 0.125 0.1215 0.1908
IG20NY012  0.1087 0.1162 0.0991 0.0976 0.1108 0.104 0.1077 0.1109 0.1265 0.1071 0.1554 0.1743 0.1104 0.1125 0.1614 0.1549 0.1115 0.1561 0.1269 0.1105 0.1105 0.1115 0.1072 0.1087 0.1123 0.1549 0.1556 0.1324 0.1274 0.1552 0.1244 0.1674 0.1012 0.1129 0.1563 0.1112 0.1545 0.1565 0.1555 0.1566 0.1557 0.1112 0.1028 0.1127 0.1681 0.1759 0.1579 0.1551 0.1105 0.1039 0.0974 0.1326 0.1311 0.137 0.1188 0.1179 0.1159 0.1104 0.1122 0.1094 0.1104 0.1031 0.1008 0.1406 0.1111 0.1409 0.1073 0.1092 0.1097 0.1133 0.1091 0.1152 0.1156 0.1176 0.1202 0.1169 0.121 0.1583 0.1193 0.1588 0.117 0.1135 0.1136 0.1142 0.1149 0.1157 0.116 0.1048 0.1101 0.1107 0.1101 0.1021 0.0998 0.097 0.1054 0.1034 0.1596 0.1678 0.1703 0.1703 0.1245 0.1695 0.102 0.1165 0.1524 0.1741 0.1582 0.1486 0.1449 0.172 0.1462 0.1114 0.1696 0.1828 0.1098 0.1633 0.1246 0.119 0.1146 0.1162 0.1184 0.1065 0.1154 0.1102 0.1131 0.1145 0.1155 0.1158 0.114 0.111 0.1099 0.1153 0.1147 0.1149 0.1146 0.1131 0.1111 0.1486 0.1164 0.148 0.1519 0.1106 0.1105 0.112 0.1134 0.1107 0.11 0.1139 0.11 0.1079 0.1112 0.1088 0.113 0.1296 0.1602 0.1805 0.1893 0.1262 0.1917 0.1433 0.1726 0.1402 0.1319 0.1696 0.1406 0.1782 0.1679 0.189 0.1668 0.1792 0.1804 0.1737 0.1878 0.1812 0.1848
IG20NY014  0.1557 0.1096 0.1384 0.1353 0.1587 0.1467 0.1544 0.1135 0.122 0.1546 0.177 0.1104 0.0488 0.1097 0.1864 0.1187 0.1098 0.176 0.1534 0.1496 0.1094 0.1074 0.1556 0.1589 0.109 0.1767 0.1211 0.1463 0.1643 0.1757 0.1386 0.1533 0.1436 0.11 0.1757 0.1086 0.1762 0.1791 0.1784 0.1787 0.1774 0.1071 0.1459 0.1094 0.1515 0.1649 0.1217 0.1766 0.0589 0.1461 0.1342 0.1463 0.1425 0.1511 0.1102 0.1094 0.1128 0.1068 0.1088 0.1578 0.1611 0.1475 0.1434 0.1261 0.1498 0.1376 0.0489 0.0527 0.0516 0.0495 0.0485 0.108 0.1131 0.1143 0.1185 0.1124 0.1198 0.178 0.1258 0.121 0.0654 0.111 0.1111 0.1127 0.1111 0.1098 0.1171 0.1466 0.1578 0.1589 0.1567 0.1452 0.1395 0.1351 0.1515 0.1471 0.1774 0.158 0.1549 0.1525 0.1396 0.1523 0.1409 0.1563 0.1744 0.178 0.1481 0.1556 0.1474 0.1754 0.16 0.1457 0.1653 0.1721 0.1552 0.1522 0.1374 0.1639 0.0517 0.1123 0.1168 0.1502 0.1114 0.1576 0.1119 0.1096 0.1133 0.1132 0.0514 0.0522 0.0475 0.1108 0.1108 0.1093 0.1103 0.1121 0.1476 0.1702 0.1569 0.168 0.1726 0.0519 0.0498 0.0485 0.1052 0.0495 0.0469 0.0506 0.0497 0.0498 0.0495 0.0503 0.0526 0.0853 0.1812 0.1702 0.1782 0.1408 0.1813 0.1427 0.1541 0.1115 0.1415 0.152 0.1143 0.1671 0.1509 0.1793 0.1559 0.1681 0.1693 0.1643 0.177 0.1701 0.1788
IG20NY015  0.1109 0.1173 0.1013 0.0995 0.1129 0.107 0.1107 0.1127 0.1292 0.1086 0.1574 0.1125 0.1097 0.1776 0.1629 0.1551 0.1128 0.1572 0.1289 0.1121 0.1132 0.1128 0.1097 0.111 0.1139 0.1565 0.1563 0.1342 0.1291 0.1568 0.1263 0.1692 0.1031 0.1141 0.1579 0.1112 0.1562 0.158 0.157 0.1578 0.1576 0.1123 0.1047 0.113 0.1691 0.177 0.1593 0.1564 0.11 0.1061 0.0993 0.1341 0.1328 0.1391 0.1188 0.1178 0.1178 0.1115 0.1131 0.1109 0.1125 0.1052 0.1033 0.1414 0.1115 0.1426 0.1075 0.1095 0.1091 0.112 0.1097 0.1166 0.1178 0.1181 0.1219 0.1182 0.1231 0.1605 0.1214 0.1588 0.1192 0.1139 0.1156 0.117 0.116 0.1171 0.119 0.1073 0.1127 0.1135 0.1126 0.1037 0.1011 0.0987 0.107 0.1057 0.1609 0.1689 0.1721 0.1715 0.1267 0.171 0.1037 0.117 0.153 0.1753 0.1595 0.1504 0.1464 0.1734 0.1478 0.1122 0.1705 0.1836 0.1124 0.1641 0.1263 0.1209 0.115 0.118 0.1197 0.1089 0.1172 0.1127 0.116 0.1151 0.1183 0.1181 0.1139 0.1115 0.1095 0.1171 0.1165 0.1159 0.1163 0.1136 0.1118 0.1497 0.1171 0.1489 0.1526 0.1116 0.1098 0.1119 0.1139 0.1122 0.1101 0.1138 0.1105 0.1083 0.112 0.1079 0.1131 0.1306 0.1619 0.1811 0.1903 0.1284 0.1931 0.1452 0.1745 0.141 0.1334 0.171 0.142 0.1794 0.1696 0.19 0.1677 0.1804 0.1812 0.1747 0.1892 0.1824 0.1856
IG20NY016  0.1349 0.1684 0.1255 0.1241 0.1371 0.1318 0.1349 0.1602 0.1648 0.1329 0.1358 0.1614 0.1864 0.1629 0.2173 0.1586 0.161 0.1349 0.1498 0.1348 0.1589 0.1607 0.1334 0.1352 0.1634 0.1351 0.1589 0.147 0.1353 0.135 0.1576 0.1548 0.1278 0.1644 0.1365 0.1595 0.1353 0.1353 0.1345 0.1362 0.1351 0.1638 0.13 0.1627 0.1568 0.1211 0.1614 0.135 0.1765 0.1307 0.1246 0.1646 0.1631 0.1696 0.1687 0.1668 0.1674 0.1411 0.1641 0.1351 0.1353 0.1299 0.1287 0.1717 0.1349 0.1331 0.1803 0.1808 0.1816 0.1917 0.1859 0.166 0.1641 0.1657 0.1638 0.1673 0.1669 0.139 0.1627 0.1624 0.1855 0.163 0.1636 0.1652 0.1661 0.1666 0.1636 0.1321 0.1368 0.1376 0.1366 0.1293 0.1271 0.125 0.1315 0.1302 0.1388 0.1145 0.1569 0.1568 0.1584 0.1571 0.1284 0.1395 0.1767 0.1286 0.1073 0.1221 0.1133 0.1271 0.1187 0.1357 0.1468 0.1217 0.1368 0.1118 0.1585 0.1433 0.1919 0.1682 0.1658 0.1332 0.1675 0.1368 0.1651 0.164 0.1661 0.1651 0.1896 0.1828 0.1854 0.1676 0.1641 0.1647 0.1644 0.1601 0.1336 0.1732 0.1399 0.173 0.1758 0.1867 0.1846 0.1889 0.1547 0.1877 0.1879 0.1888 0.1861 0.1816 0.1883 0.1808 0.1882 0.1878 0.1381 0.1217 0.1258 0.1595 0.1272 0.1591 0.1586 0.1802 0.164 0.1569 0.181 0.1218 0.1547 0.1266 0.1134 0.1202 0.1204 0.1181 0.1258 0.122 0.1946
IG20NY017  0.1777 0.1568 0.1605 0.1584 0.1795 0.1703 0.1768 0.1564 0.1538 0.1758 0.1545 0.1549 0.1187 0.1551 0.1586 0.1986 0.1548 0.1536 0.1706 0.1704 0.152 0.1522 0.1775 0.1805 0.1553 0.1532 0.1229 0.1566 0.1689 0.154 0.166 0.1373 0.1664 0.1553 0.1531 0.1532 0.1532 0.1547 0.1555 0.1554 0.1538 0.1541 0.169 0.1543 0.1373 0.1103 0.1234 0.1546 0.1202 0.1688 0.1582 0.1726 0.1687 0.1771 0.1557 0.1543 0.1585 0.1327 0.1552 0.1791 0.1818 0.1699 0.1667 0.1521 0.1714 0.127 0.1182 0.1197 0.1191 0.1218 0.1203 0.1547 0.1559 0.1568 0.1567 0.1575 0.1609 0.1559 0.1628 0.1239 0.1278 0.1557 0.1538 0.1567 0.1548 0.1557 0.159 0.1692 0.1789 0.1804 0.1783 0.1679 0.1632 0.1593 0.1735 0.1693 0.155 0.1047 0.1389 0.1364 0.1674 0.1369 0.1639 0.1775 0.1967 0.1316 0.0987 0.1279 0.1146 0.13 0.1298 0.1683 0.14 0.1129 0.1764 0.1022 0.1663 0.1829 0.1246 0.1588 0.1584 0.1717 0.1573 0.1788 0.1571 0.1531 0.1576 0.1556 0.1228 0.1193 0.1185 0.1559 0.1546 0.1542 0.1539 0.154 0.1686 0.1929 0.1784 0.1906 0.195 0.1229 0.1203 0.1204 0.1438 0.1216 0.12 0.1227 0.121 0.1189 0.1215 0.1178 0.1236 0.138 0.1566 0.1127 0.1154 0.1687 0.1179 0.1557 0.1373 0.1462 0.1683 0.136 0.1487 0.1112 0.1351 0.1171 0.1039 0.1104 0.1105 0.1095 0.1154 0.1122 0.187
IG20NY018  0.1092 0.1164 0.1 0.0979 0.1107 0.1055 0.1089 0.1108 0.128 0.107 0.1558 0.1115 0.1098 0.1128 0.161 0.1548 0.1721 0.156 0.1274 0.1098 0.1112 0.1115 0.1075 0.1088 0.1122 0.1549 0.1556 0.1326 0.1273 0.1554 0.1256 0.1687 0.1015 0.1127 0.1555 0.1087 0.1551 0.1571 0.1556 0.1566 0.1558 0.1116 0.1033 0.1121 0.1678 0.1759 0.1571 0.1549 0.1097 0.1045 0.0975 0.1328 0.1316 0.1375 0.1189 0.1179 0.1149 0.1098 0.1117 0.1096 0.1107 0.1039 0.1012 0.142 0.1113 0.1411 0.1075 0.1075 0.1084 0.1137 0.1086 0.1151 0.1152 0.1178 0.1195 0.117 0.1204 0.1587 0.1203 0.158 0.1161 0.113 0.1149 0.1144 0.1146 0.1162 0.1162 0.1052 0.1102 0.1111 0.1112 0.103 0.1002 0.0973 0.1056 0.104 0.1594 0.1677 0.17 0.1708 0.1252 0.1707 0.1018 0.1173 0.1532 0.1743 0.1586 0.1488 0.1453 0.1723 0.1467 0.1116 0.1705 0.1827 0.1101 0.1631 0.1251 0.1187 0.1129 0.1151 0.1187 0.1069 0.115 0.1104 0.1143 0.1138 0.1168 0.1163 0.1126 0.111 0.1088 0.1153 0.1146 0.115 0.115 0.112 0.1116 0.1499 0.1172 0.1492 0.1522 0.1095 0.1098 0.1106 0.1123 0.1101 0.1107 0.1118 0.1087 0.106 0.1095 0.1082 0.1115 0.1296 0.1602 0.1801 0.1897 0.127 0.1917 0.1434 0.1736 0.1401 0.132 0.1706 0.1415 0.1783 0.1693 0.1888 0.167 0.1793 0.1806 0.1734 0.1881 0.1813 0.1845
IG20NY019  0.1329 0.1613 0.1238 0.1226 0.1345 0.1299 0.1327 0.1545 0.1587 0.1313 0.1327 0.1561 0.176 0.1572 0.1349 0.1536 0.156 0.2189 0.146 0.1325 0.1535 0.1547 0.1319 0.1329 0.1571 0.1329 0.1536 0.142 0.1327 0.1321 0.1521 0.1509 0.126 0.158 0.134 0.1543 0.1322 0.1326 0.132 0.133 0.1324 0.1573 0.1279 0.1565 0.1518 0.1184 0.156 0.1329 0.1674 0.1286 0.123 0.1588 0.1573 0.1632 0.1617 0.1598 0.1611 0.1356 0.1572 0.1328 0.1337 0.128 0.1263 0.1649 0.1334 0.129 0.1703 0.171 0.1713 0.1806 0.176 0.1593 0.1577 0.1591 0.1569 0.1607 0.1602 0.1362 0.1561 0.1561 0.1755 0.1564 0.1566 0.1589 0.1592 0.1597 0.1574 0.1299 0.1345 0.1347 0.1346 0.1272 0.1249 0.1232 0.1299 0.1282 0.1361 0.1139 0.1522 0.1524 0.1532 0.1519 0.1268 0.1378 0.1744 0.1265 0.1057 0.1204 0.1109 0.1255 0.1169 0.1343 0.143 0.1196 0.1342 0.1105 0.1532 0.1406 0.1819 0.1614 0.1592 0.1308 0.161 0.1346 0.1587 0.1574 0.1596 0.1589 0.1793 0.1732 0.1751 0.1605 0.1576 0.1583 0.1573 0.1543 0.132 0.1711 0.1382 0.171 0.1737 0.177 0.1745 0.179 0.149 0.1778 0.1778 0.1783 0.1763 0.1721 0.1781 0.1717 0.1785 0.179 0.136 0.1201 0.1238 0.155 0.1253 0.1543 0.1532 0.1717 0.1582 0.1516 0.1728 0.1206 0.1513 0.125 0.1128 0.1178 0.1194 0.1157 0.1234 0.1202 0.1907
IG20NY020  0.1007 0.1328 0.0925 0.0921 0.1018 0.0981 0.1003 0.1229 0.1209 0.098 0.1453 0.1269 0.1534 0.1289 0.1498 0.1706 0.1274 0.146 0.1497 0.0984 0.1262 0.1282 0.0981 0.099 0.1292 0.1454 0.172 0.1196 0.1183 0.1462 0.1211 0.1651 0.0945 0.1299 0.1461 0.1263 0.1453 0.1465 0.1455 0.1466 0.1459 0.1295 0.0956 0.1283 0.1627 0.1661 0.174 0.1449 0.1443 0.0965 0.0926 0.1261 0.1256 0.1289 0.1317 0.1307 0.1319 0.1227 0.1291 0.0984 0.1 0.0953 0.0939 0.1085 0.1026 0.1197 0.1462 0.1468 0.1473 0.1571 0.152 0.1318 0.1299 0.1308 0.1301 0.1315 0.1296 0.149 0.1238 0.1754 0.1484 0.1284 0.1298 0.1304 0.1312 0.1325 0.1292 0.0978 0.1012 0.1014 0.1021 0.0949 0.093 0.0913 0.0971 0.0951 0.1472 0.16 0.1658 0.1652 0.1217 0.1654 0.0956 0.1066 0.1471 0.1621 0.1516 0.1456 0.1367 0.1605 0.1342 0.1048 0.1315 0.1732 0.1017 0.1559 0.1212 0.106 0.1583 0.1326 0.1286 0.0985 0.132 0.1016 0.1299 0.1303 0.1304 0.1304 0.1554 0.1491 0.152 0.1321 0.1302 0.1305 0.1299 0.1276 0.1037 0.1447 0.1076 0.1442 0.1467 0.1527 0.1503 0.1555 0.1247 0.1539 0.1543 0.1543 0.1531 0.1496 0.1551 0.1474 0.1542 0.1502 0.15 0.1714 0.1799 0.1236 0.1821 0.1393 0.1679 0.1387 0.1248 0.1654 0.1404 0.1699 0.1647 0.1798 0.1591 0.1707 0.1715 0.1646 0.1787 0.1725 0.1868
IG20NY021  0.0724 0.1141 0.0677 0.0686 0.0718 0.0715 0.0723 0.1082 0.1231 0.0699 0.1318 0.1105 0.1496 0.1121 0.1348 0.1704 0.1098 0.1325 0.0984 0.0837 0.1102 0.1113 0.0694 0.07 0.1124 0.1316 0.1715 0.1095 0.0951 0.1324 0.1092 0.1699 0.0681 0.1127 0.1318 0.1092 0.1315 0.1328 0.1317 0.1327 0.1325 0.1128 0.0682 0.111 0.1658 0.1688 0.1741 0.1323 0.1404 0.0703 0.0688 0.113 0.1112 0.114 0.1127 0.1119 0.1135 0.1074 0.1117 0.0696 0.0697 0.0693 0.0678 0.1345 0.0757 0.1339 0.1437 0.1443 0.1419 0.154 0.1482 0.113 0.111 0.1131 0.111 0.1139 0.1111 0.1342 0.1113 0.1755 0.1483 0.1115 0.1127 0.1128 0.1128 0.1139 0.1115 0.0706 0.0714 0.0718 0.0736 0.0689 0.0682 0.0672 0.0694 0.0695 0.1325 0.1608 0.1687 0.1684 0.1084 0.1682 0.0707 0.0801 0.1291 0.1576 0.152 0.1361 0.1321 0.1559 0.1227 0.0803 0.1567 0.1755 0.0731 0.1573 0.1095 0.0731 0.1552 0.1135 0.1137 0.0707 0.1131 0.0717 0.112 0.1124 0.1118 0.1119 0.1519 0.1442 0.1483 0.1133 0.1121 0.1127 0.1123 0.1108 0.0771 0.1273 0.0803 0.1272 0.1298 0.1501 0.1474 0.1525 0.1086 0.15 0.1515 0.1509 0.1498 0.1463 0.151 0.1446 0.1508 0.1508 0.1362 0.1739 0.1827 0.1106 0.185 0.1328 0.1715 0.142 0.1102 0.1684 0.1452 0.172 0.1691 0.1819 0.1611 0.1726 0.174 0.1671 0.1808 0.1745 0.1788
IG20NY023  0.1093 0.1162 0.0993 0.0977 0.1103 0.1046 0.108 0.1121 0.1256 0.1063 0.1529 0.1105 0.1094 0.1132 0.1589 0.152 0.1112 0.1535 0.1262 0.1102 0.1752 0.111 0.1071 0.1086 0.1133 0.1524 0.153 0.1307 0.1255 0.1527 0.1232 0.1646 0.1004 0.1123 0.1535 0.1099 0.1523 0.154 0.1531 0.1542 0.1531 0.1125 0.1024 0.1127 0.1641 0.172 0.154 0.152 0.1097 0.1033 0.0969 0.1312 0.1297 0.1356 0.1177 0.1167 0.1154 0.1094 0.1122 0.1088 0.1097 0.103 0.1009 0.1386 0.1107 0.138 0.1076 0.1085 0.1095 0.1137 0.1096 0.1148 0.1152 0.1163 0.1201 0.1151 0.1194 0.1558 0.1187 0.1563 0.1167 0.1135 0.1135 0.1143 0.1147 0.1151 0.1167 0.1047 0.1099 0.1108 0.1111 0.1017 0.0989 0.0971 0.1046 0.1034 0.1572 0.1639 0.1673 0.1671 0.1234 0.1666 0.1009 0.1159 0.152 0.1703 0.1553 0.1461 0.1427 0.1684 0.1436 0.1109 0.1663 0.1786 0.1093 0.1595 0.1236 0.1186 0.1141 0.1162 0.1165 0.1064 0.1153 0.1096 0.1138 0.1143 0.1168 0.116 0.1138 0.1119 0.1096 0.116 0.1145 0.1145 0.1141 0.1136 0.1106 0.1483 0.1158 0.1479 0.1518 0.1095 0.1106 0.1119 0.112 0.11 0.1102 0.1127 0.1091 0.1066 0.111 0.1093 0.1109 0.1272 0.1574 0.1763 0.185 0.1251 0.1873 0.1412 0.1696 0.1371 0.1305 0.1666 0.1384 0.1742 0.1649 0.1848 0.1633 0.1754 0.1763 0.1699 0.184 0.1774 0.1838
IG20NY024  0.1106 0.1159 0.1001 0.099 0.1122 0.1058 0.1097 0.1122 0.1284 0.1087 0.1543 0.1115 0.1074 0.1128 0.1607 0.1522 0.1115 0.1547 0.1282 0.1113 0.111 0.1779 0.1085 0.1103 0.1118 0.1539 0.1525 0.132 0.1273 0.1543 0.1255 0.167 0.1018 0.1123 0.1547 0.1102 0.1535 0.1555 0.1547 0.155 0.1547 0.1113 0.1042 0.1117 0.1666 0.1733 0.1553 0.1538 0.1084 0.1056 0.0987 0.1335 0.1317 0.1379 0.1171 0.1161 0.1155 0.1099 0.1115 0.1101 0.1118 0.1045 0.1026 0.1401 0.1107 0.1394 0.1053 0.1069 0.1072 0.1119 0.1081 0.1144 0.1162 0.1169 0.1197 0.116 0.1209 0.1572 0.1207 0.1552 0.1163 0.1133 0.114 0.1146 0.1148 0.115 0.117 0.1063 0.1115 0.1123 0.1115 0.1035 0.101 0.0981 0.1069 0.1048 0.1576 0.1657 0.1692 0.169 0.1261 0.1681 0.1026 0.1162 0.1524 0.1716 0.1559 0.1475 0.1429 0.1695 0.1444 0.1113 0.168 0.1801 0.1113 0.1607 0.1257 0.1195 0.1118 0.1163 0.1182 0.1077 0.1153 0.1109 0.1137 0.1141 0.1162 0.1161 0.1118 0.1098 0.1073 0.1151 0.1142 0.114 0.114 0.113 0.1114 0.1488 0.1166 0.148 0.1515 0.1086 0.1084 0.1094 0.1113 0.1091 0.109 0.1103 0.1065 0.1047 0.1092 0.1067 0.1112 0.1285 0.1588 0.1778 0.1864 0.1275 0.1893 0.1435 0.1714 0.1397 0.1323 0.1685 0.1404 0.1754 0.167 0.1861 0.1645 0.1764 0.1781 0.1712 0.1851 0.1785 0.1839
IG20NY025  0.0616 0.114 0.0592 0.0596 0.063 0.0607 0.0608 0.1034 0.1242 0.0593 0.1301 0.1072 0.1556 0.1097 0.1334 0.1775 0.1075 0.1319 0.0981 0.0694 0.1071 0.1085 0.0617 0.0588 0.1092 0.1299 0.1781 0.114 0.0876 0.1307 0.1069 0.1742 0.0572 0.1093 0.1327 0.1063 0.1298 0.1309 0.1299 0.1302 0.1301 0.1095 0.0581 0.1093 0.175 0.1771 0.1805 0.13 0.1472 0.0607 0.0591 0.1142 0.1148 0.1182 0.1182 0.117 0.1121 0.108 0.1086 0.0595 0.059 0.058 0.0573 0.145 0.0695 0.1394 0.1493 0.1498 0.1512 0.1608 0.1543 0.113 0.1124 0.1134 0.1149 0.1135 0.1152 0.135 0.108 0.1826 0.1563 0.1099 0.1116 0.1105 0.1121 0.1139 0.1097 0.062 0.0631 0.0625 0.0636 0.0581 0.0574 0.0577 0.0582 0.0581 0.137 0.1679 0.1766 0.1781 0.1062 0.1777 0.0614 0.0734 0.1252 0.1627 0.1588 0.1368 0.1357 0.1612 0.1254 0.0745 0.1659 0.1831 0.0642 0.1639 0.1068 0.0726 0.1598 0.1136 0.1129 0.0626 0.1128 0.0625 0.1103 0.1119 0.1125 0.1126 0.1594 0.1542 0.1547 0.1133 0.1116 0.1125 0.1124 0.1078 0.0714 0.1221 0.0734 0.1238 0.125 0.1534 0.1543 0.1579 0.1128 0.1556 0.1565 0.1584 0.1539 0.1498 0.157 0.151 0.1574 0.1602 0.1356 0.1808 0.1908 0.1085 0.1927 0.1368 0.1821 0.156 0.1159 0.1776 0.1558 0.1795 0.1759 0.1889 0.1682 0.1801 0.1817 0.174 0.1891 0.1821 0.1821
IG20NY026  0.062 0.1162 0.0598 0.06 0.0639 0.062 0.062 0.1059 0.1269 0.0604 0.1317 0.1087 0.1589 0.111 0.1352 0.1805 0.1088 0.1329 0.099 0.07 0.1086 0.1103 0.0588 0.0624 0.1105 0.1313 0.181 0.1157 0.0892 0.1323 0.1089 0.1771 0.0585 0.1114 0.1339 0.1083 0.1315 0.1326 0.1312 0.1324 0.1321 0.1113 0.0589 0.1112 0.1777 0.1791 0.1836 0.1308 0.1501 0.0611 0.06 0.1164 0.1176 0.1209 0.1205 0.1194 0.1145 0.11 0.1107 0.0601 0.0598 0.0595 0.0573 0.1477 0.0699 0.1411 0.1518 0.1531 0.1546 0.1644 0.1576 0.1153 0.1145 0.1154 0.1176 0.1158 0.1175 0.137 0.1112 0.1855 0.1597 0.1111 0.1134 0.1127 0.1145 0.1161 0.1124 0.0632 0.0636 0.0637 0.064 0.0589 0.0593 0.058 0.0591 0.0593 0.1389 0.1701 0.1795 0.1815 0.1084 0.1803 0.0623 0.074 0.1265 0.1643 0.1608 0.1388 0.1372 0.1628 0.1262 0.0735 0.1682 0.1857 0.0654 0.1664 0.1089 0.074 0.1636 0.116 0.1153 0.0634 0.1151 0.0633 0.1126 0.1144 0.1149 0.115 0.1629 0.158 0.1585 0.1156 0.114 0.1148 0.1143 0.1096 0.0725 0.1233 0.0742 0.1249 0.1264 0.1569 0.1577 0.1618 0.1142 0.159 0.1603 0.1622 0.1573 0.1532 0.1608 0.1543 0.1609 0.1637 0.1364 0.1833 0.193 0.1099 0.195 0.1398 0.1848 0.1596 0.1189 0.1805 0.159 0.182 0.1791 0.1916 0.1704 0.1823 0.184 0.1764 0.1911 0.185 0.1844
IG20NY029  0.111 0.1172 0.1011 0.0998 0.1133 0.1061 0.1098 0.1124 0.1295 0.1091 0.1572 0.1123 0.109 0.1139 0.1634 0.1553 0.1122 0.1571 0.1292 0.1124 0.1133 0.1118 0.1092 0.1105 0.1765 0.1567 0.1559 0.1345 0.1296 0.157 0.1266 0.1699 0.1033 0.1133 0.1581 0.1111 0.1566 0.1586 0.1579 0.1585 0.1578 0.1118 0.1047 0.1124 0.1707 0.1772 0.1587 0.1563 0.1093 0.1061 0.0992 0.1347 0.1336 0.1398 0.1198 0.1187 0.1175 0.1115 0.113 0.1113 0.1126 0.1053 0.1031 0.1425 0.1121 0.1426 0.107 0.1086 0.1082 0.1132 0.1092 0.1162 0.118 0.1189 0.1211 0.1179 0.1225 0.1605 0.1218 0.1588 0.1178 0.1144 0.1156 0.116 0.1167 0.1165 0.118 0.1074 0.1123 0.1134 0.1123 0.1043 0.1011 0.0989 0.1073 0.1059 0.1616 0.1696 0.1725 0.1726 0.1272 0.1717 0.1037 0.1174 0.1535 0.1757 0.1599 0.1507 0.1466 0.1736 0.1476 0.1129 0.1716 0.1844 0.1123 0.1644 0.1263 0.121 0.1137 0.117 0.1193 0.1086 0.1172 0.1124 0.1152 0.1151 0.1174 0.1176 0.1138 0.1108 0.1085 0.1169 0.116 0.1159 0.1159 0.1145 0.1126 0.15 0.1174 0.1494 0.1528 0.11 0.1106 0.1109 0.1132 0.1113 0.1103 0.1116 0.1093 0.1063 0.1099 0.1082 0.113 0.1302 0.1622 0.1821 0.1909 0.1286 0.1937 0.1454 0.1751 0.1424 0.1337 0.1718 0.1426 0.1801 0.1702 0.1908 0.1684 0.1808 0.1823 0.1752 0.1896 0.1827 0.1857
IG20NY030  0.1319 0.1605 0.122 0.1209 0.1324 0.1284 0.1312 0.1535 0.1576 0.1294 0.1328 0.1549 0.1767 0.1565 0.1351 0.1532 0.1549 0.1329 0.1454 0.1316 0.1524 0.1539 0.1299 0.1313 0.1567 0.2159 0.1548 0.142 0.1326 0.1333 0.1513 0.1508 0.1245 0.1579 0.1327 0.153 0.1321 0.1328 0.1323 0.1326 0.1329 0.1567 0.1261 0.1558 0.1525 0.1193 0.1563 0.1333 0.1675 0.1274 0.1218 0.1582 0.1562 0.1622 0.1618 0.16 0.1598 0.135 0.1566 0.1314 0.1321 0.1266 0.1249 0.1644 0.132 0.1299 0.1707 0.1716 0.1719 0.1817 0.1762 0.1584 0.1562 0.1582 0.1563 0.1595 0.1595 0.1356 0.1562 0.1572 0.176 0.1562 0.1561 0.1575 0.1578 0.1588 0.1562 0.1279 0.1324 0.1332 0.1331 0.1256 0.1235 0.1214 0.128 0.1265 0.1362 0.1137 0.1531 0.1526 0.1517 0.1525 0.1249 0.1365 0.1733 0.1271 0.1075 0.1209 0.1115 0.1258 0.1162 0.1326 0.1435 0.1222 0.1323 0.1118 0.1522 0.1389 0.1818 0.1603 0.1584 0.1289 0.1598 0.1324 0.1577 0.1565 0.1583 0.1576 0.1798 0.1734 0.1758 0.1597 0.1568 0.1573 0.1568 0.1539 0.1312 0.1699 0.137 0.1697 0.1726 0.177 0.1752 0.1791 0.1487 0.1774 0.1782 0.1789 0.1765 0.1724 0.1784 0.1717 0.1788 0.1786 0.1359 0.1212 0.1254 0.1533 0.1269 0.155 0.1543 0.1717 0.1573 0.1524 0.1726 0.1205 0.151 0.1258 0.1133 0.1204 0.1204 0.1173 0.1242 0.1215 0.1905
IG20NY031  0.1783 0.158 0.1616 0.1588 0.1806 0.171 0.1773 0.1573 0.1553 0.1765 0.1548 0.1556 0.1211 0.1563 0.1589 0.1229 0.1556 0.1536 0.172 0.1715 0.153 0.1525 0.1781 0.181 0.1559 0.1548 0.2025 0.1564 0.1691 0.1533 0.1668 0.1378 0.1675 0.1574 0.154 0.1541 0.1538 0.1551 0.155 0.1557 0.154 0.1552 0.17 0.1556 0.1382 0.1111 0.1238 0.1545 0.1217 0.17 0.1594 0.174 0.1697 0.178 0.1574 0.156 0.1601 0.1336 0.1558 0.1797 0.1823 0.171 0.1681 0.154 0.1721 0.1278 0.1205 0.1214 0.1212 0.1243 0.1221 0.1551 0.1569 0.1578 0.1574 0.1579 0.1614 0.1552 0.1638 0.1243 0.129 0.1566 0.1554 0.1581 0.1569 0.156 0.1598 0.17 0.1796 0.1806 0.1791 0.1689 0.1641 0.1603 0.1746 0.17 0.1553 0.106 0.1392 0.1373 0.1684 0.1374 0.1643 0.1783 0.1979 0.1315 0.0979 0.1274 0.1142 0.129 0.1306 0.1689 0.1409 0.1128 0.1775 0.1023 0.1671 0.1837 0.1269 0.1587 0.1595 0.1723 0.1581 0.1796 0.1581 0.1545 0.1582 0.1577 0.125 0.1218 0.1198 0.1572 0.1558 0.1551 0.155 0.1554 0.1695 0.1939 0.179 0.192 0.1962 0.1247 0.1215 0.1236 0.1454 0.1232 0.1222 0.1241 0.123 0.1216 0.1229 0.119 0.1252 0.1396 0.157 0.1125 0.1155 0.1696 0.117 0.1554 0.1377 0.1484 0.1695 0.1373 0.1506 0.1117 0.1359 0.1175 0.1044 0.1103 0.1114 0.1092 0.1155 0.1114 0.1868
IG20NY032  0.1157 0.1361 0.1053 0.105 0.1159 0.1123 0.1156 0.1308 0.1224 0.1143 0.1427 0.1324 0.1463 0.1342 0.147 0.1566 0.1326 0.142 0.1196 0.1095 0.1307 0.132 0.114 0.1157 0.1345 0.142 0.1564 0.1814 0.1157 0.1415 0.1259 0.15 0.1091 0.1348 0.1423 0.131 0.1414 0.1428 0.1419 0.1435 0.1423 0.1344 0.1102 0.1332 0.1481 0.1449 0.1579 0.1415 0.1383 0.1109 0.1057 0.1309 0.128 0.1323 0.136 0.135 0.1354 0.1207 0.134 0.115 0.1167 0.1106 0.1088 0.1282 0.1161 0.1269 0.1408 0.1399 0.1406 0.1501 0.1454 0.1346 0.1316 0.134 0.1321 0.1349 0.1325 0.1431 0.1292 0.1593 0.1416 0.1334 0.133 0.1335 0.1339 0.1351 0.1323 0.1107 0.1151 0.1163 0.1175 0.1096 0.1075 0.1059 0.113 0.1101 0.1417 0.1405 0.1507 0.1499 0.1264 0.1502 0.1095 0.1217 0.1565 0.1564 0.1319 0.1284 0.1321 0.155 0.1473 0.1172 0.1432 0.1509 0.1153 0.1358 0.1266 0.1184 0.1515 0.1355 0.1321 0.1121 0.1348 0.115 0.1333 0.1332 0.1329 0.1332 0.148 0.1419 0.1451 0.135 0.1331 0.1337 0.1331 0.1321 0.1163 0.1532 0.1219 0.153 0.1562 0.1469 0.1443 0.148 0.1267 0.1469 0.148 0.1474 0.1463 0.1434 0.1473 0.1416 0.147 0.1427 0.1454 0.1491 0.1566 0.1275 0.1581 0.1261 0.1515 0.1309 0.1279 0.1499 0.1341 0.1499 0.1501 0.1566 0.1386 0.1486 0.1482 0.1432 0.1553 0.1497 0.1845
IG20NY033  0.0903 0.133 0.0844 0.0838 0.0911 0.089 0.0902 0.1237 0.1407 0.0888 0.1331 0.1274 0.1643 0.1291 0.1353 0.1689 0.1273 0.1327 0.1183 0.0951 0.1255 0.1273 0.0876 0.0892 0.1296 0.1326 0.1691 0.1157 0.1247 0.1322 0.1235 0.1631 0.0849 0.1294 0.1351 0.1253 0.1317 0.1323 0.1313 0.1335 0.1319 0.1288 0.086 0.129 0.1646 0.1524 0.1704 0.1314 0.1554 0.0878 0.085 0.131 0.1308 0.1351 0.1375 0.1363 0.1312 0.1198 0.1286 0.0893 0.0895 0.0864 0.0851 0.1531 0.0952 0.1374 0.1583 0.1585 0.1598 0.1693 0.1632 0.1319 0.1302 0.1317 0.1323 0.1324 0.1336 0.1361 0.1272 0.1725 0.1636 0.1287 0.1299 0.1292 0.1305 0.1323 0.1282 0.0888 0.0912 0.0912 0.0925 0.0857 0.0846 0.0839 0.0873 0.0873 0.137 0.1456 0.1659 0.1672 0.1231 0.1666 0.0877 0.1003 0.1446 0.1628 0.1373 0.1199 0.1371 0.1617 0.1524 0.0969 0.1587 0.1579 0.0914 0.1425 0.1248 0.0995 0.1687 0.1323 0.1319 0.0897 0.1319 0.0907 0.1292 0.1303 0.1316 0.1307 0.1679 0.1622 0.1637 0.1324 0.1301 0.1307 0.1307 0.1267 0.0972 0.1407 0.0997 0.1426 0.1441 0.163 0.163 0.1667 0.1281 0.1642 0.1652 0.167 0.1632 0.1585 0.1657 0.1599 0.1663 0.1663 0.1358 0.1557 0.1639 0.1244 0.1662 0.1269 0.1696 0.1602 0.1324 0.1665 0.1605 0.1574 0.165 0.1623 0.1455 0.1553 0.156 0.1495 0.1633 0.1568 0.1865
IG20NY034  0.1325 0.1607 0.1225 0.1221 0.1338 0.129 0.132 0.1534 0.1584 0.1305 0.1325 0.1552 0.1757 0.1568 0.135 0.154 0.1554 0.1321 0.1462 0.1324 0.1527 0.1543 0.1307 0.1323 0.157 0.1333 0.1533 0.1415 0.1322 0.2185 0.152 0.1503 0.1255 0.1579 0.1332 0.1536 0.132 0.1329 0.132 0.1333 0.1323 0.1568 0.1268 0.1561 0.1515 0.1192 0.1558 0.132 0.1673 0.1278 0.1219 0.1591 0.157 0.1628 0.1617 0.1599 0.1601 0.1347 0.1565 0.1318 0.1328 0.127 0.1256 0.1652 0.132 0.1291 0.1701 0.1709 0.1715 0.1806 0.1755 0.1583 0.1567 0.1585 0.1566 0.1596 0.1597 0.1355 0.1561 0.1563 0.1754 0.1566 0.1562 0.1578 0.1583 0.1589 0.1563 0.1283 0.1335 0.1337 0.1337 0.1266 0.1237 0.1225 0.1294 0.1272 0.1362 0.1136 0.1519 0.1521 0.1529 0.1521 0.1258 0.1368 0.1737 0.1265 0.1062 0.1199 0.1109 0.1253 0.1169 0.1334 0.1433 0.1202 0.1331 0.1105 0.1527 0.1397 0.1815 0.1607 0.1588 0.1298 0.1598 0.1334 0.1577 0.1567 0.1588 0.1578 0.1794 0.1729 0.1752 0.1596 0.1567 0.1573 0.1573 0.1536 0.1317 0.1704 0.1376 0.1704 0.1729 0.1764 0.1748 0.1785 0.1489 0.1769 0.1773 0.1781 0.1759 0.1717 0.1778 0.1709 0.178 0.1787 0.1351 0.1198 0.1243 0.1543 0.1255 0.1541 0.1537 0.1722 0.1583 0.1515 0.1731 0.1212 0.151 0.1252 0.1129 0.1176 0.1189 0.1158 0.1236 0.1201 0.1899
IG20NY035  0.1086 0.1295 0.0992 0.097 0.1096 0.1053 0.1084 0.122 0.1083 0.1068 0.1516 0.1244 0.1386 0.1263 0.1576 0.166 0.1256 0.1521 0.1211 0.1092 0.1232 0.1255 0.1069 0.1089 0.1266 0.1513 0.1668 0.1259 0.1235 0.152 0.1725 0.1503 0.1018 0.1271 0.1525 0.124 0.1515 0.1537 0.1523 0.1528 0.1525 0.1267 0.1022 0.1258 0.1513 0.1697 0.1688 0.1519 0.1283 0.104 0.0985 0.116 0.1153 0.1181 0.1323 0.1312 0.1292 0.1192 0.1267 0.1089 0.1093 0.1036 0.1013 0.1216 0.111 0.139 0.1319 0.1328 0.1348 0.1421 0.1375 0.1287 0.1277 0.1273 0.128 0.1291 0.127 0.1546 0.1188 0.17 0.1338 0.1254 0.1265 0.1266 0.1279 0.1294 0.1253 0.1045 0.109 0.1096 0.1102 0.1024 0.1002 0.0985 0.1054 0.1034 0.155 0.1632 0.1529 0.1527 0.1108 0.1519 0.1026 0.1161 0.1514 0.1704 0.1546 0.1455 0.1436 0.1686 0.1454 0.1124 0.1606 0.177 0.1093 0.1589 0.1102 0.1157 0.1436 0.1298 0.1254 0.1059 0.1291 0.1091 0.1263 0.1275 0.1275 0.1276 0.1408 0.1359 0.138 0.1289 0.1272 0.1283 0.1272 0.1248 0.1119 0.1473 0.1162 0.1479 0.1508 0.1381 0.1369 0.1407 0.1239 0.1394 0.1395 0.1394 0.1392 0.1353 0.1396 0.1334 0.1389 0.1266 0.1566 0.1751 0.1834 0.1105 0.1858 0.1259 0.1541 0.111 0.1144 0.1513 0.1097 0.1733 0.1503 0.1832 0.1624 0.1736 0.1749 0.1683 0.1818 0.1756 0.1835
IG20NY036  0.1744 0.1725 0.1584 0.1549 0.1755 0.1682 0.1738 0.166 0.1341 0.1728 0.1507 0.1674 0.1533 0.1692 0.1548 0.1373 0.1687 0.1509 0.1651 0.1699 0.1646 0.167 0.1742 0.1771 0.1699 0.1508 0.1378 0.15 0.1631 0.1503 0.1503 0.1937 0.1647 0.1704 0.151 0.1667 0.1503 0.1514 0.1511 0.1514 0.1506 0.1693 0.1666 0.1689 0.1224 0.1075 0.1378 0.1504 0.1429 0.1675 0.1573 0.1567 0.1543 0.1592 0.1739 0.172 0.1722 0.1443 0.1698 0.1759 0.178 0.1674 0.1647 0.1375 0.1705 0.1271 0.1487 0.1487 0.1505 0.1572 0.1526 0.1705 0.1684 0.1691 0.1677 0.1708 0.1696 0.1521 0.1627 0.1396 0.1471 0.1681 0.1676 0.1693 0.17 0.1706 0.1676 0.1666 0.175 0.1761 0.1758 0.166 0.1612 0.1589 0.1712 0.1667 0.1526 0.1032 0.1221 0.1222 0.1513 0.1219 0.1622 0.1775 0.1961 0.1304 0.0966 0.1241 0.1152 0.1286 0.1318 0.1681 0.1347 0.1098 0.1734 0.1002 0.1518 0.1805 0.1577 0.1726 0.1669 0.1684 0.172 0.1749 0.1692 0.1682 0.1697 0.1689 0.1554 0.1503 0.1526 0.1715 0.1686 0.1691 0.1688 0.166 0.1689 0.1922 0.1776 0.1909 0.1945 0.1539 0.1521 0.1551 0.1589 0.1542 0.1543 0.1548 0.1533 0.1502 0.1537 0.1484 0.1537 0.1398 0.1526 0.1084 0.1122 0.1511 0.1141 0.1384 0.1218 0.1218 0.1549 0.1207 0.1216 0.1096 0.12 0.1139 0.1018 0.1078 0.1073 0.1056 0.112 0.1086 0.1862
