0.000010 0.000010 0.000010 0.999920 0.000010 0.000010 0.000010 0.000010 0.000010
0.000010 0.000010 0.541544 0.000010 0.077843 0.000010 0.000010 0.120437 0.260127
0.000010 0.043870 0.102707 0.616968 0.236405 0.000010 0.000010 0.000010 0.000010
0.018229 0.000010 0.000010 0.305533 0.676177 0.000010 0.000010 0.000010 0.000010
0.000010 0.000010 0.553082 0.446848 0.000010 0.000010 0.000010 0.000010 0.000010
0.000010 0.000010 0.000010 0.999920 0.000010 0.000010 0.000010 0.000010 0.000010
0.000010 0.000010 0.000010 0.999920 0.000010 0.000010 0.000010 0.000010 0.000010
0.000010 0.000010 0.000010 0.458851 0.034483 0.032991 0.000010 0.318023 0.155611
0.158110 0.000010 0.045304 0.011965 0.686100 0.000010 0.000010 0.098481 0.000010
0.000010 0.000010 0.006548 0.915168 0.078223 0.000010 0.000010 0.000010 0.000010
0.000018 0.038196 0.000010 0.436404 0.183027 0.000010 0.342316 0.000010 0.000010
0.000010 0.002096 0.000010 0.455946 0.000010 0.040506 0.000010 0.501402 0.000010
0.000010 0.000010 0.000010 0.000010 0.000010 0.000010 0.000010 0.321781 0.678149
0.000010 0.000010 0.000010 0.512889 0.000010 0.057339 0.000010 0.377746 0.051975
0.000010 0.000010 0.000010 0.493481 0.000010 0.000010 0.506449 0.000010 0.000010
0.000010 0.000010 0.000010 0.000010 0.152687 0.000010 0.389925 0.000010 0.457328
0.000010 0.000010 0.000010 0.480610 0.000010 0.000010 0.000010 0.276673 0.242657
0.000010 0.000010 0.000010 0.455806 0.000010 0.000010 0.544124 0.000010 0.000010
0.784825 0.000010 0.000010 0.215105 0.000010 0.000010 0.000010 0.000010 0.000010
0.401223 0.000010 0.118037 0.401859 0.000010 0.078831 0.000010 0.000010 0.000010
0.000010 0.000010 0.000010 0.642175 0.000010 0.000010 0.000010 0.000010 0.357755
0.000010 0.017337 0.000010 0.414299 0.000010 0.058493 0.000010 0.509820 0.000010
0.000010 0.000010 0.000010 0.999920 0.000010 0.000010 0.000010 0.000010 0.000010
0.000010 0.039618 0.000010 0.960312 0.000010 0.000010 0.000010 0.000010 0.000010
0.000010 0.028672 0.000010 0.401703 0.000010 0.000010 0.000010 0.013355 0.556220
0.000010 0.000010 0.000010 0.482216 0.134666 0.024290 0.353650 0.005139 0.000010
0.000010 0.000010 0.000010 0.000010 0.000010 0.000010 0.558281 0.000010 0.441649
0.499123 0.000010 0.014001 0.000010 0.000010 0.000010 0.486816 0.000010 0.000010
0.000010 0.000010 0.000010 0.443889 0.000010 0.000010 0.524213 0.000010 0.031838
0.000010 0.000010 0.000010 0.477503 0.000010 0.000010 0.522427 0.000010 0.000010
0.000010 0.043632 0.000010 0.424814 0.531495 0.000010 0.000010 0.000010 0.000010
0.000010 0.000010 0.000010 0.000010 0.489774 0.000010 0.510156 0.000010 0.000010
0.000010 0.000010 0.000010 0.999920 0.000010 0.000010 0.000010 0.000010 0.000010
0.000010 0.000010 0.000010 0.429119 0.000010 0.000010 0.000010 0.570811 0.000010
0.040674 0.000010 0.000010 0.457261 0.048794 0.033596 0.419635 0.000010 0.000010
0.000010 0.000010 0.000010 0.455889 0.000010 0.000010 0.000010 0.000010 0.544041
0.000010 0.000010 0.000010 0.520066 0.030775 0.000010 0.449099 0.000010 0.000010
0.000010 0.000010 0.000010 0.487096 0.000010 0.000010 0.512834 0.000010 0.000010
0.000010 0.000010 0.000010 0.463740 0.000010 0.000010 0.536190 0.000010 0.000010
0.000010 0.000010 0.009453 0.468044 0.044216 0.000010 0.476937 0.000010 0.001310
0.000010 0.000010 0.000010 0.483594 0.000010 0.000010 0.516336 0.000010 0.000010
0.000010 0.000010 0.000010 0.000010 0.000010 0.000010 0.000010 0.999920 0.000010
0.000010 0.044826 0.000010 0.879538 0.075577 0.000010 0.000010 0.000010 0.000010
0.000010 0.000010 0.000010 0.473369 0.000010 0.000010 0.000010 0.165554 0.361017
0.000010 0.000010 0.000012 0.507313 0.001237 0.000010 0.491388 0.000010 0.000010
0.000010 0.000010 0.000010 0.000010 0.000010 0.000010 0.999920 0.000010 0.000010
0.000010 0.000010 0.000010 0.000010 0.000010 0.000010 0.471745 0.374045 0.154150
0.000010 0.000010 0.000010 0.482971 0.000010 0.000010 0.516959 0.000010 0.000010
0.000010 0.000010 0.000010 0.001424 0.000010 0.000010 0.000010 0.000010 0.998506
0.000010 0.000010 0.000010 0.999920 0.000010 0.000010 0.000010 0.000010 0.000010
0.000010 0.000012 0.000010 0.999918 0.000010 0.000010 0.000010 0.000010 0.000010
0.000010 0.034891 0.000013 0.412991 0.552055 0.000010 0.000010 0.000010 0.000010
0.000010 0.000010 0.495558 0.000010 0.504372 0.000010 0.000010 0.000010 0.000010
0.000010 0.000010 0.502468 0.000010 0.497462 0.000010 0.000010 0.000010 0.000010
0.000010 0.000010 0.000010 0.473640 0.000010 0.000010 0.000010 0.526290 0.000010
0.000010 0.000010 0.000010 0.466717 0.000010 0.000010 0.000010 0.533213 0.000010
0.000010 0.000016 0.515369 0.000010 0.000010 0.000015 0.000010 0.000010 0.484550
0.000010 0.000010 0.471815 0.000010 0.000010 0.000019 0.000010 0.000010 0.528106
0.000010 0.000010 0.033690 0.403935 0.012944 0.000010 0.000010 0.537643 0.011747
0.000010 0.000010 0.000010 0.999920 0.000010 0.000010 0.000010 0.000010 0.000010
0.000010 0.000010 0.000010 0.955005 0.000010 0.044925 0.000010 0.000010 0.000010
0.000010 0.000010 0.000010 0.999920 0.000010 0.000010 0.000010 0.000010 0.000010
0.000010 0.000010 0.000010 0.999920 0.000010 0.000010 0.000010 0.000010 0.000010
0.701968 0.000010 0.000010 0.000010 0.297962 0.000010 0.000010 0.000010 0.000010
0.000010 0.000010 0.000010 0.000010 0.000010 0.999920 0.000010 0.000010 0.000010
0.539353 0.000010 0.000010 0.000010 0.000010 0.000010 0.460577 0.000010 0.000010
0.000010 0.000010 0.000010 0.000010 0.000010 0.000010 0.000010 0.999920 0.000010
0.000010 0.000010 0.000010 0.000010 0.000010 0.000010 0.000010 0.455596 0.544334
0.000010 0.000010 0.000010 0.061769 0.000010 0.000010 0.000010 0.623864 0.314307
0.000010 0.000010 0.000010 0.000010 0.000010 0.000010 0.000010 0.000010 0.999920
0.000010 0.000010 0.000010 0.000010 0.000010 0.000010 0.000010 0.538307 0.461623
0.000010 0.000010 0.567194 0.000010 0.000010 0.000010 0.000010 0.267888 0.164858
0.000010 0.011624 0.561606 0.000010 0.000010 0.000010 0.000010 0.323266 0.103454
0.000010 0.000010 0.578080 0.000010 0.000010 0.000010 0.000010 0.185010 0.236850
0.000010 0.000010 0.481023 0.000010 0.183733 0.000010 0.000010 0.218188 0.117006
0.000010 0.000010 0.578201 0.000010 0.000010 0.000010 0.000010 0.328771 0.092967
0.000010 0.000010 0.563283 0.000010 0.000010 0.000010 0.000010 0.058824 0.377834
0.000010 0.000010 0.509596 0.000010 0.000010 0.000010 0.490334 0.000010 0.000010
0.000010 0.024170 0.000010 0.435776 0.000010 0.000010 0.000010 0.530266 0.009738
0.000010 0.000010 0.000010 0.000010 0.000010 0.000010 0.525879 0.111292 0.362770
0.000010 0.000010 0.000010 0.000010 0.000010 0.000010 0.000010 0.508826 0.491104
0.004527 0.000010 0.000010 0.373575 0.065868 0.021741 0.000010 0.350533 0.183726
0.000010 0.000010 0.550185 0.000010 0.000010 0.000010 0.000010 0.449745 0.000010
0.000010 0.000010 0.548313 0.000010 0.000010 0.000010 0.000010 0.451617 0.000010
0.000011 0.000010 0.514688 0.000010 0.000010 0.000010 0.000010 0.174001 0.311250
0.000010 0.000010 0.528050 0.000019 0.000010 0.000010 0.000010 0.380940 0.090942
0.000010 0.000010 0.539116 0.000010 0.000010 0.000010 0.000010 0.063031 0.397793
0.000010 0.000010 0.530640 0.444561 0.000010 0.024739 0.000010 0.000010 0.000010
0.000010 0.000010 0.545740 0.454190 0.000010 0.000010 0.000010 0.000010 0.000010
0.000010 0.000010 0.558037 0.441893 0.000010 0.000010 0.000010 0.000010 0.000010
0.000010 0.011041 0.000010 0.790602 0.072540 0.000010 0.000010 0.000010 0.125767
0.000010 0.005270 0.000010 0.994660 0.000010 0.000010 0.000010 0.000010 0.000010
0.000010 0.000018 0.000010 0.955377 0.000017 0.044538 0.000010 0.000010 0.000010
0.000010 0.000010 0.000010 0.999920 0.000010 0.000010 0.000010 0.000010 0.000010
0.000010 0.000010 0.000010 0.999920 0.000010 0.000010 0.000010 0.000010 0.000010
0.023061 0.000010 0.000010 0.976869 0.000010 0.000010 0.000010 0.000010 0.000010
0.000018 0.022884 0.000010 0.306111 0.064394 0.078127 0.528436 0.000010 0.000010
0.000010 0.000010 0.000010 0.000010 0.110319 0.000010 0.889611 0.000010 0.000010
0.000010 0.068676 0.000010 0.000010 0.477344 0.000010 0.453919 0.000010 0.000010
0.000010 0.000010 0.000010 0.000010 0.428886 0.000010 0.571044 0.000010 0.000010
0.000010 0.017132 0.583293 0.090339 0.309185 0.000010 0.000010 0.000010 0.000010
0.000010 0.000010 0.000010 0.000010 0.472780 0.000010 0.527150 0.000010 0.000010
0.000010 0.000010 0.000010 0.000010 0.000010 0.999920 0.000010 0.000010 0.000010
0.000010 0.000010 0.000010 0.000010 0.000010 0.999920 0.000010 0.000010 0.000010
0.000010 0.000010 0.000010 0.000010 0.000010 0.999920 0.000010 0.000010 0.000010
0.000010 0.524993 0.000010 0.000010 0.000010 0.000010 0.474937 0.000010 0.000010
0.000010 0.000017 0.000010 0.000010 0.000010 0.000010 0.999906 0.000017 0.000010
0.000010 0.000010 0.000011 0.000010 0.000010 0.000010 0.999919 0.000010 0.000010
0.000010 0.528725 0.000010 0.000010 0.000010 0.000010 0.471205 0.000010 0.000010
0.000010 0.532778 0.000010 0.000010 0.000010 0.000010 0.467152 0.000010 0.000010
0.000010 0.999920 0.000010 0.000010 0.000010 0.000010 0.000010 0.000010 0.000010
0.000010 0.000010 0.000010 0.000010 0.000010 0.999920 0.000010 0.000010 0.000010
0.549602 0.000010 0.000010 0.000010 0.000010 0.000010 0.450328 0.000010 0.000010
0.000010 0.000010 0.000010 0.000010 0.000010 0.000010 0.999920 0.000010 0.000010
0.000010 0.040190 0.586944 0.372806 0.000010 0.000010 0.000010 0.000010 0.000010
0.000010 0.000010 0.000010 0.000010 0.000010 0.000010 0.999920 0.000010 0.000010
0.058025 0.000010 0.000010 0.414374 0.527541 0.000010 0.000010 0.000010 0.000010
0.000010 0.000010 0.557294 0.000010 0.442636 0.000010 0.000010 0.000010 0.000010
0.000010 0.000010 0.000010 0.000010 0.000010 0.000010 0.000010 0.000010 0.999920
0.000010 0.000010 0.510110 0.000010 0.000010 0.000010 0.000010 0.083001 0.406829
0.000010 0.000010 0.561944 0.000010 0.000010 0.000010 0.000010 0.000010 0.437986
0.000010 0.000010 0.535281 0.464649 0.000010 0.000010 0.000010 0.000010 0.000010
0.000010 0.000010 0.529701 0.000010 0.000010 0.000010 0.000010 0.470229 0.000010
0.000010 0.000010 0.565222 0.434708 0.000010 0.000010 0.000010 0.000010 0.000010
0.000010 0.000010 0.537054 0.000010 0.000010 0.000010 0.000010 0.243047 0.219838
0.000010 0.000010 0.580599 0.000010 0.000010 0.000010 0.000010 0.419331 0.000010
0.000010 0.000010 0.534113 0.000010 0.000010 0.000010 0.000010 0.465817 0.000010
0.000010 0.000010 0.524274 0.000010 0.000010 0.000010 0.000012 0.000010 0.475654
0.000010 0.000010 0.000010 0.000010 0.000010 0.000010 0.000010 0.716133 0.283797
0.000010 0.000010 0.000010 0.000010 0.000010 0.000010 0.000010 0.000010 0.999920
0.000010 0.000010 0.000010 0.048301 0.000010 0.000010 0.000010 0.437805 0.513834
0.000010 0.000010 0.536736 0.000010 0.000010 0.000010 0.000010 0.463194 0.000010
0.000010 0.000010 0.547605 0.000010 0.000010 0.000010 0.000010 0.376994 0.075341
0.000010 0.000010 0.570300 0.000010 0.000010 0.000010 0.000010 0.140806 0.288834
0.000011 0.000010 0.553781 0.000010 0.000010 0.000010 0.000010 0.446148 0.000010
0.000010 0.013366 0.000010 0.627340 0.000010 0.000010 0.000010 0.359234 0.000010
0.000010 0.000012 0.000010 0.000010 0.000010 0.999918 0.000010 0.000010 0.000010
0.000010 0.000010 0.000010 0.512329 0.000010 0.487601 0.000010 0.000010 0.000010
0.000010 0.000010 0.000010 0.000010 0.000010 0.999920 0.000010 0.000010 0.000010
0.000010 0.000010 0.000010 0.000010 0.000010 0.999920 0.000010 0.000010 0.000010
0.000010 0.000010 0.000010 0.278783 0.000010 0.721147 0.000010 0.000010 0.000010
0.000010 0.000010 0.000010 0.405193 0.000010 0.000010 0.000010 0.000010 0.594737
0.000010 0.000010 0.000010 0.000010 0.000010 0.046504 0.000010 0.826318 0.127118
0.000010 0.000010 0.000014 0.000010 0.000010 0.000010 0.000010 0.557613 0.442313
0.000010 0.014471 0.132702 0.205247 0.142888 0.000010 0.000010 0.084527 0.420135
0.000010 0.000010 0.000010 0.000010 0.000010 0.000010 0.000010 0.000010 0.999920
0.000010 0.000010 0.000010 0.000010 0.000010 0.000010 0.000010 0.000010 0.999920
0.000010 0.000010 0.000010 0.000010 0.000010 0.000010 0.000010 0.632651 0.367279
0.000010 0.000010 0.000010 0.131888 0.000010 0.000010 0.000010 0.868042 0.000010
0.000010 0.000010 0.000010 0.000010 0.000010 0.000010 0.000010 0.999920 0.000010
0.000010 0.000010 0.000010 0.000010 0.000010 0.000010 0.000010 0.999920 0.000010
0.000010 0.000010 0.000010 0.160294 0.000010 0.041151 0.000010 0.798495 0.000010
0.000010 0.000010 0.000010 0.000010 0.000010 0.000010 0.000010 0.999920 0.000010
0.000010 0.000010 0.000010 0.000010 0.381105 0.000010 0.000010 0.618825 0.000010
0.152075 0.000010 0.000010 0.276203 0.000010 0.000010 0.571661 0.000010 0.000010
0.000010 0.000010 0.000010 0.000010 0.000010 0.000010 0.999920 0.000010 0.000010
0.000010 0.000010 0.000010 0.000010 0.000010 0.000010 0.999920 0.000010 0.000010
0.000010 0.020131 0.000010 0.376900 0.602909 0.000010 0.000010 0.000010 0.000010
0.000010 0.000010 0.000010 0.000010 0.000010 0.000010 0.999920 0.000010 0.000010
0.000010 0.000010 0.000010 0.000010 0.414086 0.000010 0.585844 0.000010 0.000010
0.000013 0.000019 0.000010 0.000010 0.460890 0.000011 0.539028 0.000010 0.000010
0.000010 0.000011 0.000011 0.000010 0.999909 0.000010 0.000010 0.000019 0.000010
0.000010 0.000010 0.127065 0.000010 0.872865 0.000010 0.000010 0.000010 0.000010
0.000010 0.000010 0.000010 0.000010 0.549280 0.000010 0.450650 0.000010 0.000010
0.000010 0.197900 0.000010 0.000010 0.802030 0.000010 0.000010 0.000010 0.000010
0.000010 0.008456 0.000010 0.043514 0.130810 0.000010 0.577486 0.229613 0.010091
0.000010 0.000010 0.000010 0.000010 0.552923 0.000010 0.447007 0.000010 0.000010
0.000010 0.000010 0.000010 0.000010 0.000010 0.000010 0.999920 0.000010 0.000010
0.000010 0.000010 0.000010 0.000010 0.000010 0.000010 0.999920 0.000010 0.000010
0.000010 0.000010 0.000010 0.000010 0.000010 0.000010 0.999920 0.000010 0.000010
0.000010 0.000010 0.000010 0.000010 0.000010 0.000012 0.999918 0.000010 0.000010
0.000010 0.000010 0.000010 0.000010 0.000010 0.000010 0.999920 0.000010 0.000010
0.000010 0.000010 0.000010 0.000010 0.000010 0.000010 0.999920 0.000010 0.000010
0.000010 0.000010 0.000010 0.000010 0.000010 0.000010 0.999920 0.000010 0.000010
