0.000010 0.999940 0.000010 0.000010 0.000010 0.000010 0.000010
0.482930 0.000010 0.000010 0.000010 0.517020 0.000010 0.000010
0.000010 0.940049 0.000010 0.000010 0.059901 0.000010 0.000010
0.000010 0.926996 0.017010 0.000010 0.055952 0.000011 0.000010
0.000010 0.472563 0.000010 0.000010 0.527387 0.000010 0.000010
0.000010 0.999940 0.000010 0.000010 0.000010 0.000010 0.000010
0.000010 0.999940 0.000010 0.000010 0.000010 0.000010 0.000010
0.443921 0.556029 0.000010 0.000010 0.000010 0.000010 0.000010
0.000010 0.298077 0.701873 0.000010 0.000010 0.000010 0.000010
0.000010 0.999940 0.000010 0.000010 0.000010 0.000010 0.000010
0.000010 0.491558 0.000010 0.000010 0.015362 0.000010 0.493040
0.489059 0.510891 0.000010 0.000010 0.000010 0.000010 0.000010
0.999935 0.000010 0.000010 0.000015 0.000010 0.000010 0.000010
0.498457 0.501493 0.000010 0.000010 0.000010 0.000010 0.000010
0.000010 0.475131 0.000010 0.000010 0.000010 0.020306 0.504523
0.503838 0.000010 0.000010 0.000010 0.000010 0.000010 0.496112
0.498309 0.501641 0.000010 0.000010 0.000010 0.000010 0.000010
0.000010 0.488583 0.000010 0.000010 0.000010 0.000010 0.511367
0.000013 0.631914 0.337776 0.000010 0.000010 0.000010 0.030267
0.000010 0.823557 0.082182 0.000010 0.079895 0.014336 0.000010
0.481391 0.506734 0.011834 0.000010 0.000010 0.000012 0.000010
0.509981 0.489969 0.000010 0.000010 0.000010 0.000010 0.000010
0.000010 0.999940 0.000010 0.000010 0.000010 0.000010 0.000010
0.000010 0.999940 0.000010 0.000010 0.000010 0.000010 0.000010
0.507018 0.492932 0.000010 0.000010 0.000010 0.000010 0.000010
0.000010 0.503830 0.000010 0.000010 0.003596 0.000010 0.492534
0.490766 0.000010 0.000010 0.000010 0.000010 0.000010 0.509184
0.000010 0.470893 0.283561 0.000010 0.032272 0.000010 0.213245
0.000010 0.773457 0.000010 0.000010 0.008384 0.000010 0.218119
0.000010 0.494193 0.000010 0.000010 0.000010 0.000010 0.505757
0.000015 0.503605 0.496340 0.000010 0.000010 0.000010 0.000010
0.000010 0.000010 0.497540 0.000010 0.000010 0.000010 0.502410
0.000010 0.999940 0.000010 0.000010 0.000010 0.000010 0.000010
0.505177 0.494773 0.000010 0.000010 0.000010 0.000010 0.000010
0.000010 0.476974 0.022867 0.000010 0.000010 0.000010 0.500119
0.488522 0.511428 0.000010 0.000010 0.000010 0.000010 0.000010
0.000010 0.501766 0.000010 0.000010 0.000010 0.000010 0.498184
0.000010 0.496500 0.000010 0.000010 0.000010 0.000010 0.503450
0.000010 0.496170 0.000010 0.000010 0.000010 0.000010 0.503780
0.000010 0.495380 0.000010 0.000010 0.000010 0.000010 0.504570
0.000010 0.493375 0.000010 0.000013 0.000010 0.000010 0.506571
0.528333 0.471617 0.000010 0.000010 0.000010 0.000010 0.000010
0.000010 0.999940 0.000010 0.000010 0.000010 0.000010 0.000010
0.502408 0.497542 0.000010 0.000010 0.000010 0.000010 0.000010
0.000010 0.000010 0.508300 0.000010 0.000010 0.000010 0.491650
0.000010 0.000010 0.000010 0.000010 0.000010 0.000010 0.999940
0.498018 0.000010 0.000010 0.000010 0.000010 0.000010 0.501932
0.000010 0.498200 0.000010 0.000010 0.000010 0.000010 0.501750
0.860825 0.000010 0.139121 0.000010 0.000014 0.000010 0.000010
0.000010 0.999940 0.000010 0.000010 0.000010 0.000010 0.000010
0.000010 0.999940 0.000010 0.000010 0.000010 0.000010 0.000010
0.000010 0.463887 0.536055 0.000010 0.000010 0.000018 0.000010
0.000010 0.000010 0.509473 0.000010 0.490477 0.000010 0.000010
0.000010 0.000010 0.506913 0.000010 0.493037 0.000010 0.000010
0.539310 0.449380 0.011270 0.000010 0.000010 0.000010 0.000010
0.538115 0.450559 0.011285 0.000010 0.000010 0.000010 0.000010
0.483353 0.000010 0.000010 0.000010 0.516597 0.000010 0.000010
0.505117 0.000010 0.000010 0.000010 0.494833 0.000010 0.000010
0.496011 0.483625 0.000010 0.000010 0.020324 0.000010 0.000010
0.000010 0.999940 0.000010 0.000010 0.000010 0.000010 0.000010
0.000010 0.999940 0.000010 0.000010 0.000010 0.000010 0.000010
0.000010 0.999940 0.000010 0.000010 0.000010 0.000010 0.000010
0.000010 0.999940 0.000010 0.000010 0.000010 0.000010 0.000010
0.000010 0.154795 0.845155 0.000010 0.000010 0.000010 0.000010
0.000010 0.000010 0.000010 0.000010 0.000010 0.999940 0.000010
0.000010 0.155774 0.337611 0.000010 0.000010 0.000010 0.506574
0.999940 0.000010 0.000010 0.000010 0.000010 0.000010 0.000010
0.970348 0.000010 0.029602 0.000010 0.000010 0.000010 0.000010
0.999939 0.000011 0.000010 0.000010 0.000010 0.000010 0.000010
0.999940 0.000010 0.000010 0.000010 0.000010 0.000010 0.000010
0.999940 0.000010 0.000010 0.000010 0.000010 0.000010 0.000010
0.487864 0.000010 0.000010 0.000010 0.512086 0.000010 0.000010
0.469112 0.000010 0.000010 0.000010 0.530838 0.000010 0.000010
0.474056 0.000010 0.002750 0.000010 0.523154 0.000010 0.000010
0.413424 0.000010 0.066286 0.000010 0.520250 0.000010 0.000010
0.480348 0.000010 0.000010 0.000010 0.519602 0.000010 0.000010
0.401945 0.000010 0.083084 0.000010 0.514929 0.000013 0.000010
0.000010 0.000010 0.000010 0.000010 0.500875 0.000010 0.499075
0.274552 0.504900 0.220508 0.000010 0.000010 0.000010 0.000010
0.495922 0.000010 0.000010 0.000010 0.000010 0.000010 0.504028
0.814145 0.000010 0.185805 0.000010 0.000010 0.000010 0.000010
0.482003 0.488228 0.028467 0.000010 0.001269 0.000013 0.000010
0.479814 0.000015 0.000010 0.000017 0.520124 0.000010 0.000010
0.467536 0.000010 0.000010 0.000010 0.532414 0.000010 0.000010
0.487683 0.000010 0.000010 0.000010 0.512267 0.000010 0.000010
0.495036 0.000010 0.000010 0.000010 0.504914 0.000010 0.000010
0.452397 0.000010 0.000010 0.000010 0.547553 0.000010 0.000010
0.000010 0.480617 0.000010 0.000010 0.519333 0.000010 0.000010
0.000010 0.455333 0.000010 0.000010 0.544617 0.000010 0.000010
0.000010 0.467982 0.000010 0.000010 0.531968 0.000010 0.000010
0.000010 0.779654 0.000010 0.000010 0.000010 0.220296 0.000010
0.000010 0.999940 0.000010 0.000010 0.000010 0.000010 0.000010
0.000010 0.999940 0.000010 0.000010 0.000010 0.000010 0.000010
0.000010 0.999940 0.000010 0.000010 0.000010 0.000010 0.000010
0.000010 0.999940 0.000010 0.000010 0.000010 0.000010 0.000010
0.000010 0.999940 0.000010 0.000010 0.000010 0.000010 0.000010
0.000010 0.416981 0.063812 0.000010 0.018028 0.000010 0.501149
0.000010 0.000010 0.000010 0.000010 0.000010 0.000010 0.999940
0.000010 0.000010 0.504502 0.000010 0.000010 0.000010 0.495448
0.000010 0.000010 0.497158 0.000010 0.000010 0.000010 0.502792
0.000010 0.395825 0.480660 0.000010 0.123475 0.000010 0.000010
0.000010 0.000010 0.502544 0.000010 0.000010 0.000010 0.497406
0.000010 0.468821 0.000010 0.000010 0.000010 0.531129 0.000010
0.000010 0.000010 0.000010 0.000010 0.000010 0.999940 0.000010
0.000010 0.000010 0.000010 0.999940 0.000010 0.000010 0.000010
0.000010 0.198566 0.000010 0.000010 0.000010 0.000010 0.801384
0.000010 0.000010 0.000010 0.000010 0.000010 0.000010 0.999940
0.000010 0.323191 0.000010 0.000010 0.000010 0.000010 0.676759
0.000010 0.247831 0.000010 0.000010 0.000010 0.000010 0.752119
0.000010 0.198636 0.000010 0.000010 0.000010 0.000010 0.801314
0.000010 0.405806 0.000010 0.000010 0.000010 0.000010 0.594144
0.000016 0.000010 0.000010 0.000010 0.000010 0.999934 0.000010
0.000010 0.126294 0.319011 0.000010 0.000010 0.000010 0.554655
0.000010 0.000010 0.000010 0.000010 0.000010 0.000010 0.999940
0.000010 0.465320 0.000010 0.000010 0.534630 0.000010 0.000010
0.000010 0.000010 0.000010 0.000010 0.000010 0.000010 0.999940
0.000010 0.503056 0.496894 0.000010 0.000010 0.000010 0.000010
0.000010 0.328419 0.053164 0.000010 0.606277 0.012110 0.000010
0.999940 0.000010 0.000010 0.000010 0.000010 0.000010 0.000010
0.485852 0.000010 0.000010 0.000010 0.514098 0.000010 0.000010
0.410650 0.000010 0.077230 0.000010 0.512080 0.000010 0.000010
0.000010 0.475952 0.000010 0.000017 0.523991 0.000010 0.000010
0.484331 0.000010 0.000010 0.000010 0.515619 0.000010 0.000010
0.000010 0.464778 0.000010 0.000010 0.535172 0.000010 0.000010
0.471698 0.000010 0.000010 0.000010 0.528252 0.000010 0.000010
0.483915 0.000010 0.000010 0.000010 0.516035 0.000010 0.000010
0.461594 0.000010 0.016048 0.000010 0.522319 0.000010 0.000010
0.475369 0.000010 0.000010 0.000010 0.524581 0.000010 0.000010
0.999938 0.000010 0.000010 0.000010 0.000012 0.000010 0.000010
0.999933 0.000010 0.000017 0.000010 0.000010 0.000010 0.000010
0.999940 0.000010 0.000010 0.000010 0.000010 0.000010 0.000010
0.492157 0.000011 0.000010 0.000010 0.507792 0.000010 0.000010
0.484174 0.000010 0.000010 0.000010 0.515776 0.000010 0.000010
0.487573 0.000010 0.000010 0.000010 0.512377 0.000010 0.000010
0.488841 0.000010 0.000010 0.000010 0.511109 0.000010 0.000010
0.467325 0.532625 0.000010 0.000010 0.000010 0.000010 0.000010
0.000010 0.000010 0.000010 0.000010 0.000010 0.999940 0.000010
0.000010 0.000010 0.000010 0.999940 0.000010 0.000010 0.000010
0.000010 0.000010 0.000010 0.000016 0.000010 0.999934 0.000010
0.000010 0.000010 0.000012 0.999938 0.000010 0.000010 0.000010
0.000010 0.000010 0.000010 0.999940 0.000010 0.000010 0.000010
0.999940 0.000010 0.000010 0.000010 0.000010 0.000010 0.000010
0.999938 0.000012 0.000010 0.000010 0.000010 0.000010 0.000010
0.999940 0.000010 0.000010 0.000010 0.000010 0.000010 0.000010
0.495903 0.378223 0.067661 0.000010 0.047960 0.010232 0.000010
0.999940 0.000010 0.000010 0.000010 0.000010 0.000010 0.000010
0.999940 0.000010 0.000010 0.000010 0.000010 0.000010 0.000010
0.999940 0.000010 0.000010 0.000010 0.000010 0.000010 0.000010
0.999939 0.000010 0.000011 0.000010 0.000010 0.000010 0.000010
0.999940 0.000010 0.000010 0.000010 0.000010 0.000010 0.000010
0.999940 0.000010 0.000010 0.000010 0.000010 0.000010 0.000010
0.999940 0.000010 0.000010 0.000010 0.000010 0.000010 0.000010
0.991934 0.000010 0.008016 0.000010 0.000010 0.000010 0.000010
0.499878 0.000010 0.500072 0.000010 0.000010 0.000010 0.000010
0.000010 0.468856 0.000010 0.000010 0.000010 0.000010 0.531094
0.000010 0.000010 0.000010 0.000010 0.000010 0.000010 0.999940
0.000010 0.000010 0.000010 0.000010 0.000010 0.000010 0.999940
0.000014 0.491468 0.508478 0.000010 0.000010 0.000010 0.000010
0.000010 0.000010 0.000010 0.000010 0.000010 0.000010 0.999940
0.000010 0.229318 0.567930 0.000010 0.000010 0.000010 0.202713
0.000010 0.000010 0.498016 0.000010 0.000010 0.000010 0.501934
0.000010 0.000010 0.999940 0.000010 0.000010 0.000010 0.000010
0.000010 0.395813 0.567638 0.000010 0.036509 0.000010 0.000010
0.000010 0.000010 0.513604 0.000010 0.000010 0.000010 0.486346
0.000010 0.000010 0.999940 0.000010 0.000010 0.000010 0.000010
0.000010 0.000010 0.000010 0.000010 0.000010 0.000010 0.999940
0.000010 0.000010 0.506796 0.000010 0.000010 0.000010 0.493154
0.000010 0.000010 0.000010 0.000010 0.000010 0.000010 0.999940
0.000010 0.000010 0.000010 0.000010 0.000010 0.000010 0.999940
0.000010 0.000010 0.000010 0.000010 0.000010 0.000010 0.999940
0.000010 0.000010 0.000010 0.000010 0.000010 0.000010 0.999940
0.000010 0.000010 0.000010 0.000010 0.000010 0.000010 0.999940
0.000010 0.000010 0.000010 0.000010 0.000010 0.000010 0.999940
0.000010 0.000010 0.000010 0.000010 0.000010 0.000010 0.999940
