0.000010 0.999934 0.000010 0.000010 0.000016 0.000010 0.000010
0.490089 0.000010 0.000010 0.000010 0.509861 0.000010 0.000010
0.000010 0.953090 0.000010 0.000010 0.000010 0.046860 0.000010
0.000010 0.995910 0.000010 0.000010 0.004035 0.000014 0.000010
0.000010 0.495481 0.000010 0.000010 0.504468 0.000011 0.000010
0.000011 0.999938 0.000010 0.000011 0.000010 0.000010 0.000010
0.000010 0.999939 0.000010 0.000011 0.000010 0.000010 0.000010
0.492989 0.506961 0.000010 0.000010 0.000010 0.000010 0.000010
0.000015 0.459075 0.517346 0.000010 0.023533 0.000010 0.000010
0.000010 0.995302 0.000010 0.000010 0.004642 0.000016 0.000010
0.000010 0.494913 0.000010 0.000010 0.000010 0.000010 0.505037
0.498562 0.495179 0.000010 0.000010 0.006219 0.000010 0.000010
0.999930 0.000010 0.000010 0.000010 0.000020 0.000010 0.000010
0.490226 0.509722 0.000012 0.000010 0.000010 0.000010 0.000010
0.000010 0.496568 0.000010 0.000010 0.000010 0.000010 0.503382
0.498500 0.000013 0.000010 0.000010 0.000010 0.000010 0.501447
0.496347 0.503596 0.000017 0.000010 0.000010 0.000010 0.000010
0.000010 0.501717 0.000010 0.000010 0.000010 0.000010 0.498233
0.000010 0.330043 0.000010 0.000010 0.000010 0.489170 0.180747
0.000010 0.946444 0.000010 0.000010 0.053506 0.000010 0.000010
0.496855 0.503088 0.000010 0.000010 0.000010 0.000017 0.000010
0.502752 0.489338 0.000010 0.000010 0.007869 0.000010 0.000010
0.000010 0.999938 0.000010 0.000010 0.000010 0.000012 0.000010
0.000010 0.993448 0.000010 0.000010 0.006502 0.000010 0.000010
0.497973 0.501977 0.000010 0.000010 0.000010 0.000010 0.000010
0.000010 0.492536 0.000010 0.000010 0.007462 0.000010 0.499962
0.498086 0.000010 0.000010 0.000010 0.000010 0.000010 0.501864
0.000010 0.453054 0.000010 0.000010 0.036185 0.000010 0.510721
0.000010 0.501073 0.000010 0.000010 0.000010 0.000010 0.498877
0.000010 0.497363 0.000010 0.000010 0.000010 0.000010 0.502587
0.000010 0.499095 0.500855 0.000010 0.000010 0.000010 0.000010
0.000010 0.000010 0.501176 0.000010 0.000010 0.000010 0.498774
0.000010 0.999940 0.000010 0.000010 0.000010 0.000010 0.000010
0.494369 0.502771 0.002820 0.000010 0.000010 0.000010 0.000010
0.000010 0.497400 0.000010 0.000010 0.000010 0.000010 0.502550
0.501168 0.498782 0.000010 0.000010 0.000010 0.000010 0.000010
0.000010 0.497520 0.000010 0.000010 0.000010 0.000010 0.502430
0.000010 0.501978 0.000010 0.000010 0.000010 0.000010 0.497972
0.000010 0.503822 0.000010 0.000010 0.000010 0.000010 0.496128
0.000010 0.498508 0.000010 0.000010 0.000010 0.000010 0.501442
0.000010 0.495708 0.000010 0.000010 0.000010 0.000010 0.504242
0.500864 0.482926 0.000010 0.000010 0.016170 0.000010 0.000010
0.000010 0.999940 0.000010 0.000010 0.000010 0.000010 0.000010
0.496220 0.503730 0.000010 0.000010 0.000010 0.000010 0.000010
0.000010 0.000010 0.499110 0.000010 0.000010 0.000010 0.500840
0.000016 0.000010 0.000010 0.000010 0.000010 0.000010 0.999934
0.496987 0.000012 0.000010 0.000010 0.000010 0.000010 0.502961
0.000010 0.495951 0.000010 0.000010 0.000010 0.000010 0.503999
0.758580 0.000010 0.241370 0.000010 0.000010 0.000010 0.000010
0.000010 0.999932 0.000010 0.000010 0.000010 0.000018 0.000010
0.000010 0.999940 0.000010 0.000010 0.000010 0.000010 0.000010
0.000010 0.489733 0.510217 0.000010 0.000010 0.000010 0.000010
0.000010 0.000010 0.502513 0.000010 0.497437 0.000010 0.000010
0.000010 0.000010 0.501582 0.000020 0.498359 0.000010 0.000010
0.502885 0.497065 0.000010 0.000010 0.000010 0.000010 0.000010
0.502022 0.497926 0.000012 0.000010 0.000010 0.000010 0.000010
0.496145 0.000010 0.000010 0.000010 0.503805 0.000010 0.000010
0.502675 0.000010 0.000011 0.000010 0.497274 0.000010 0.000010
0.486278 0.503897 0.000010 0.000010 0.009785 0.000010 0.000010
0.000010 0.999940 0.000010 0.000010 0.000010 0.000010 0.000010
0.000010 0.999940 0.000010 0.000010 0.000010 0.000010 0.000010
0.000010 0.999940 0.000010 0.000010 0.000010 0.000010 0.000010
0.000010 0.999940 0.000010 0.000010 0.000010 0.000010 0.000010
0.000010 0.000010 0.490574 0.000010 0.000010 0.331319 0.178067
0.000010 0.000010 0.000010 0.000010 0.000010 0.999940 0.000010
0.000010 0.000010 0.000010 0.000010 0.000010 0.416403 0.583546
0.999940 0.000010 0.000010 0.000010 0.000010 0.000010 0.000010
0.999940 0.000010 0.000010 0.000010 0.000010 0.000010 0.000010
0.999936 0.000013 0.000011 0.000010 0.000010 0.000010 0.000010
0.999934 0.000010 0.000010 0.000010 0.000016 0.000010 0.000010
0.999940 0.000010 0.000010 0.000010 0.000010 0.000010 0.000010
0.493491 0.000013 0.000010 0.000014 0.506452 0.000010 0.000010
0.495015 0.000010 0.000011 0.000010 0.504934 0.000010 0.000010
0.491637 0.000010 0.000010 0.000014 0.508309 0.000010 0.000010
0.491188 0.000010 0.000010 0.000010 0.508762 0.000010 0.000010
0.492876 0.000010 0.000010 0.000015 0.507069 0.000010 0.000010
0.495635 0.000013 0.000010 0.000010 0.504303 0.000018 0.000010
0.000010 0.000010 0.000010 0.000010 0.500355 0.000010 0.499595
0.384276 0.488641 0.127043 0.000010 0.000010 0.000010 0.000010
0.498169 0.000010 0.000010 0.000010 0.000012 0.000010 0.501779
0.930489 0.000010 0.069453 0.000010 0.000018 0.000010 0.000010
0.498966 0.500984 0.000010 0.000010 0.000010 0.000010 0.000010
0.490892 0.000010 0.000010 0.000010 0.509058 0.000010 0.000010
0.487299 0.000010 0.000020 0.000010 0.512641 0.000010 0.000010
0.494516 0.000010 0.000013 0.000010 0.505431 0.000010 0.000010
0.490484 0.000010 0.000010 0.000011 0.509465 0.000010 0.000010
0.494307 0.000017 0.000010 0.000010 0.505636 0.000010 0.000010
0.000010 0.500204 0.000010 0.000010 0.499746 0.000010 0.000010
0.000010 0.460897 0.000010 0.000011 0.539052 0.000010 0.000010
0.000010 0.496536 0.000014 0.000010 0.503410 0.000010 0.000010
0.000010 0.999940 0.000010 0.000010 0.000010 0.000010 0.000010
0.000010 0.996819 0.000010 0.000010 0.003131 0.000010 0.000010
0.000010 0.999940 0.000010 0.000010 0.000010 0.000010 0.000010
0.000010 0.999940 0.000010 0.000010 0.000010 0.000010 0.000010
0.000010 0.999940 0.000010 0.000010 0.000010 0.000010 0.000010
0.000010 0.999930 0.000010 0.000010 0.000010 0.000020 0.000010
0.000010 0.475897 0.000011 0.000010 0.014581 0.000010 0.509481
0.000010 0.000011 0.000015 0.000015 0.000010 0.000010 0.999929
0.000010 0.000010 0.503225 0.000010 0.000010 0.000010 0.496725
0.000010 0.000010 0.496274 0.000010 0.000017 0.000010 0.503669
0.000011 0.500149 0.499800 0.000010 0.000010 0.000010 0.000010
0.000010 0.000010 0.501599 0.000010 0.000013 0.000010 0.498347
0.000010 0.273390 0.000010 0.000010 0.000014 0.726556 0.000010
0.000010 0.246847 0.000010 0.000010 0.000010 0.753103 0.000010
0.000010 0.000010 0.000010 0.999940 0.000010 0.000010 0.000010
0.000010 0.498019 0.000010 0.000010 0.000010 0.000010 0.501931
0.000010 0.000010 0.000012 0.000010 0.000010 0.000010 0.999938
0.000014 0.000014 0.000014 0.000011 0.000010 0.000010 0.999928
0.000010 0.496846 0.000010 0.000010 0.000010 0.000010 0.503104
0.000010 0.492516 0.000010 0.000010 0.000010 0.000010 0.507434
0.000010 0.999940 0.000010 0.000010 0.000010 0.000010 0.000010
0.000010 0.000010 0.000010 0.000010 0.000010 0.999940 0.000010
0.000010 0.000015 0.000010 0.000010 0.000010 0.336662 0.663283
0.000010 0.000010 0.000014 0.000010 0.000012 0.000010 0.999934
0.000010 0.493081 0.000010 0.000010 0.506869 0.000010 0.000010
0.000010 0.000010 0.000010 0.000010 0.000010 0.000010 0.999940
0.000010 0.496254 0.503696 0.000010 0.000010 0.000010 0.000010
0.000010 0.439010 0.000010 0.000010 0.525568 0.035382 0.000010
0.999940 0.000010 0.000010 0.000010 0.000010 0.000010 0.000010
0.489299 0.000017 0.000018 0.000013 0.510632 0.000010 0.000010
0.491346 0.000010 0.000010 0.000010 0.508604 0.000010 0.000010
0.000010 0.499330 0.000010 0.000010 0.500620 0.000010 0.000010
0.495237 0.000010 0.000010 0.000010 0.504711 0.000012 0.000010
0.000010 0.504700 0.000010 0.000011 0.495250 0.000010 0.000010
0.486351 0.000010 0.000010 0.000010 0.513599 0.000010 0.000010
0.487567 0.000010 0.000010 0.000010 0.512383 0.000010 0.000010
0.492863 0.000010 0.000010 0.000010 0.507087 0.000010 0.000010
0.492674 0.000010 0.000010 0.000010 0.507276 0.000010 0.000010
0.999940 0.000010 0.000010 0.000010 0.000010 0.000010 0.000010
0.999940 0.000010 0.000010 0.000010 0.000010 0.000010 0.000010
0.999933 0.000010 0.000017 0.000010 0.000010 0.000010 0.000010
0.498284 0.000020 0.000010 0.000012 0.501653 0.000010 0.000010
0.491080 0.000014 0.000010 0.000013 0.508859 0.000014 0.000010
0.492101 0.000010 0.000010 0.000010 0.507845 0.000014 0.000010
0.494527 0.000010 0.000010 0.000010 0.505423 0.000010 0.000010
0.491478 0.508472 0.000010 0.000010 0.000010 0.000010 0.000010
0.000010 0.000016 0.000010 0.000010 0.000010 0.999934 0.000010
0.000010 0.000010 0.000010 0.999940 0.000010 0.000010 0.000010
0.000010 0.000010 0.000010 0.000010 0.000010 0.999940 0.000010
0.000010 0.000010 0.000010 0.999940 0.000010 0.000010 0.000010
0.000010 0.000010 0.000010 0.999940 0.000010 0.000010 0.000010
0.999936 0.000010 0.000010 0.000010 0.000014 0.000010 0.000010
0.999940 0.000010 0.000010 0.000010 0.000010 0.000010 0.000010
0.999938 0.000010 0.000012 0.000010 0.000010 0.000010 0.000010
0.510295 0.451070 0.000010 0.000010 0.000010 0.038595 0.000010
0.999932 0.000010 0.000010 0.000018 0.000010 0.000010 0.000010
0.999940 0.000010 0.000010 0.000010 0.000010 0.000010 0.000010
0.999940 0.000010 0.000010 0.000010 0.000010 0.000010 0.000010
0.999940 0.000010 0.000010 0.000010 0.000010 0.000010 0.000010
0.999940 0.000010 0.000010 0.000010 0.000010 0.000010 0.000010
0.999933 0.000015 0.000013 0.000010 0.000010 0.000010 0.000010
0.999940 0.000010 0.000010 0.000010 0.000010 0.000010 0.000010
0.999936 0.000010 0.000014 0.000010 0.000010 0.000010 0.000010
0.506888 0.000013 0.493058 0.000010 0.000010 0.000011 0.000010
0.000010 0.486585 0.000010 0.000010 0.000010 0.000010 0.513365
0.000010 0.000010 0.000010 0.000010 0.000010 0.000010 0.999940
0.000010 0.000010 0.000010 0.000010 0.000016 0.000010 0.999934
0.000010 0.438684 0.516980 0.000010 0.000010 0.044295 0.000010
0.000010 0.000010 0.000010 0.000010 0.000010 0.000010 0.999940
0.000010 0.000010 0.497515 0.000010 0.000010 0.000010 0.502435
0.000010 0.000010 0.498368 0.000010 0.000010 0.000010 0.501582
0.000010 0.000010 0.999939 0.000010 0.000011 0.000010 0.000010
0.000010 0.499426 0.500524 0.000010 0.000010 0.000010 0.000010
0.000012 0.000010 0.504902 0.000010 0.000018 0.000010 0.495038
0.000010 0.000010 0.999938 0.000010 0.000012 0.000010 0.000010
0.000010 0.000010 0.000010 0.000010 0.000010 0.000010 0.999940
0.000010 0.000010 0.498182 0.000010 0.000010 0.000010 0.501768
0.000014 0.000010 0.000010 0.000010 0.000010 0.000010 0.999936
0.000010 0.000010 0.000010 0.000010 0.000010 0.000010 0.999940
0.000014 0.000010 0.000010 0.000018 0.000010 0.000010 0.999929
0.000013 0.000010 0.000010 0.000015 0.000010 0.000010 0.999932
0.000018 0.000010 0.000010 0.000010 0.000010 0.000010 0.999932
0.000016 0.000010 0.000010 0.000014 0.000010 0.000010 0.999931
0.000010 0.000010 0.000010 0.000019 0.000010 0.000010 0.999931
