0.999900 0.000010 0.000010 0.000010 0.000010 0.000010 0.000010 0.000010 0.000010 0.000010 0.000010
0.000010 0.443081 0.000010 0.000016 0.000010 0.000010 0.000010 0.000010 0.000010 0.000010 0.556823
0.982067 0.000010 0.000010 0.000010 0.000010 0.000010 0.000010 0.000010 0.000010 0.000010 0.017843
0.999896 0.000014 0.000010 0.000010 0.000010 0.000010 0.000010 0.000010 0.000010 0.000010 0.000010
0.409874 0.000010 0.000010 0.000010 0.000010 0.000010 0.000010 0.000010 0.000010 0.000010 0.590036
0.999892 0.000012 0.000010 0.000010 0.000010 0.000013 0.000010 0.000010 0.000013 0.000010 0.000010
0.999900 0.000010 0.000010 0.000010 0.000010 0.000010 0.000010 0.000010 0.000010 0.000010 0.000010
0.999900 0.000010 0.000010 0.000010 0.000010 0.000010 0.000010 0.000010 0.000010 0.000010 0.000010
0.736592 0.030770 0.000010 0.000010 0.000010 0.000010 0.000010 0.000010 0.000010 0.232558 0.000010
0.999900 0.000010 0.000010 0.000010 0.000010 0.000010 0.000010 0.000010 0.000010 0.000010 0.000010
0.000010 0.000010 0.000010 0.000010 0.999900 0.000010 0.000010 0.000010 0.000010 0.000010 0.000010
0.595402 0.232480 0.000010 0.172037 0.000010 0.000010 0.000010 0.000010 0.000010 0.000010 0.000010
0.000010 0.999900 0.000010 0.000010 0.000010 0.000010 0.000010 0.000010 0.000010 0.000010 0.000010
0.443334 0.556576 0.000010 0.000010 0.000010 0.000010 0.000010 0.000010 0.000010 0.000010 0.000010
0.000010 0.000010 0.000010 0.000010 0.000010 0.000010 0.000010 0.000010 0.999900 0.000010 0.000010
0.000010 0.314998 0.000010 0.185686 0.000010 0.000010 0.000010 0.499236 0.000010 0.000010 0.000010
0.490096 0.000010 0.000010 0.509814 0.000010 0.000010 0.000010 0.000010 0.000010 0.000010 0.000010
0.000010 0.000010 0.000010 0.000010 0.999900 0.000010 0.000010 0.000010 0.000010 0.000010 0.000010
0.305434 0.000010 0.694475 0.000010 0.000011 0.000010 0.000010 0.000010 0.000010 0.000010 0.000010
0.397573 0.000010 0.000010 0.000010 0.000010 0.000010 0.000010 0.000010 0.000010 0.602337 0.000010
0.465415 0.000010 0.000010 0.534495 0.000010 0.000010 0.000010 0.000010 0.000010 0.000010 0.000010
0.437446 0.324820 0.000014 0.237650 0.000010 0.000010 0.000010 0.000010 0.000010 0.000010 0.000010
0.999900 0.000010 0.000010 0.000010 0.000010 0.000010 0.000010 0.000010 0.000010 0.000010 0.000010
0.999900 0.000010 0.000010 0.000010 0.000010 0.000010 0.000010 0.000010 0.000010 0.000010 0.000010
0.470623 0.196004 0.000010 0.333293 0.000010 0.000010 0.000010 0.000010 0.000010 0.000010 0.000010
0.000010 0.000010 0.000010 0.000010 0.999900 0.000010 0.000010 0.000010 0.000010 0.000010 0.000010
0.000010 0.499435 0.000010 0.000010 0.000010 0.000010 0.000010 0.500475 0.000010 0.000010 0.000010
0.497354 0.000010 0.063487 0.000010 0.000010 0.000010 0.000010 0.000010 0.000010 0.439079 0.000010
0.934281 0.000010 0.063553 0.000010 0.000010 0.000010 0.000010 0.000010 0.000010 0.000010 0.002086
0.000010 0.000010 0.000010 0.000010 0.999900 0.000010 0.000010 0.000010 0.000010 0.000010 0.000010
0.728776 0.000010 0.000010 0.000013 0.000010 0.000010 0.000010 0.000010 0.000010 0.271132 0.000010
0.000011 0.000010 0.000010 0.000010 0.989882 0.010021 0.000010 0.000010 0.000012 0.000014 0.000010
0.999900 0.000010 0.000010 0.000010 0.000010 0.000010 0.000010 0.000010 0.000010 0.000010 0.000010
0.456537 0.000010 0.000010 0.543373 0.000010 0.000010 0.000010 0.000010 0.000010 0.000010 0.000010
0.000010 0.000010 0.000010 0.000010 0.544347 0.000010 0.000010 0.231270 0.000010 0.224303 0.000010
0.589816 0.000010 0.000010 0.384726 0.000010 0.000010 0.000010 0.000010 0.000010 0.000010 0.025379
0.000010 0.000010 0.000010 0.000010 0.000010 0.000010 0.000010 0.000010 0.999900 0.000010 0.000010
0.000010 0.000010 0.000010 0.000010 0.999900 0.000010 0.000010 0.000010 0.000010 0.000010 0.000010
0.000010 0.000010 0.000010 0.000010 0.999900 0.000010 0.000010 0.000010 0.000010 0.000010 0.000010
0.000010 0.000010 0.000010 0.000010 0.999897 0.000010 0.000013 0.000010 0.000010 0.000010 0.000010
0.000010 0.000010 0.000010 0.000010 0.000010 0.000010 0.000010 0.000010 0.999900 0.000010 0.000010
0.576083 0.423818 0.000010 0.000010 0.000010 0.000010 0.000010 0.000010 0.000018 0.000010 0.000010
0.999900 0.000010 0.000010 0.000010 0.000010 0.000010 0.000010 0.000010 0.000010 0.000010 0.000010
0.479636 0.520274 0.000010 0.000010 0.000010 0.000010 0.000010 0.000010 0.000010 0.000010 0.000010
0.000010 0.000010 0.000010 0.000010 0.064032 0.000010 0.000010 0.448650 0.000010 0.487238 0.000010
0.000010 0.000010 0.000010 0.000010 0.000010 0.000010 0.000010 0.990398 0.000010 0.009512 0.000010
0.000010 0.000010 0.000011 0.490252 0.000012 0.021545 0.000010 0.488120 0.000010 0.000010 0.000010
0.000010 0.000010 0.000010 0.000010 0.999900 0.000010 0.000010 0.000010 0.000010 0.000010 0.000010
0.000010 0.831717 0.000010 0.000010 0.000010 0.000010 0.000010 0.000010 0.000010 0.153019 0.015185
0.999900 0.000010 0.000010 0.000010 0.000010 0.000010 0.000010 0.000010 0.000010 0.000010 0.000010
0.999900 0.000010 0.000010 0.000010 0.000010 0.000010 0.000010 0.000010 0.000010 0.000010 0.000010
0.398178 0.000010 0.601732 0.000010 0.000010 0.000010 0.000010 0.000010 0.000010 0.000010 0.000010
0.000010 0.000010 0.422794 0.000010 0.000010 0.000010 0.000017 0.000010 0.000010 0.047581 0.529538
0.000017 0.000010 0.464606 0.000019 0.000010 0.000010 0.000010 0.000010 0.000010 0.000010 0.535288
0.000010 0.533001 0.000010 0.000010 0.000016 0.000010 0.000010 0.000010 0.000010 0.466903 0.000010
0.000010 0.533177 0.000010 0.000010 0.000010 0.000010 0.000010 0.000010 0.000010 0.466733 0.000010
0.000010 0.000020 0.000010 0.422478 0.000010 0.000010 0.000012 0.000010 0.000010 0.000010 0.577420
0.000010 0.000016 0.000010 0.493982 0.000010 0.000010 0.000010 0.000010 0.000017 0.000010 0.505915
0.436926 0.000010 0.000019 0.550218 0.000010 0.000010 0.000010 0.000010 0.000010 0.000010 0.012767
0.927916 0.000010 0.071994 0.000010 0.000010 0.000010 0.000010 0.000010 0.000010 0.000010 0.000010
0.999900 0.000010 0.000010 0.000010 0.000010 0.000010 0.000010 0.000010 0.000010 0.000010 0.000010
0.999900 0.000010 0.000010 0.000010 0.000010 0.000010 0.000010 0.000010 0.000010 0.000010 0.000010
0.999900 0.000010 0.000010 0.000010 0.000010 0.000010 0.000010 0.000010 0.000010 0.000010 0.000010
0.000010 0.000010 0.999900 0.000010 0.000010 0.000010 0.000010 0.000010 0.000010 0.000010 0.000010
0.000010 0.000010 0.000010 0.000010 0.000010 0.000010 0.999900 0.000010 0.000010 0.000010 0.000010
0.000010 0.000010 0.519702 0.000010 0.000010 0.000010 0.000010 0.480208 0.000010 0.000010 0.000010
0.108224 0.839115 0.000010 0.000010 0.000010 0.000010 0.000010 0.000011 0.000010 0.052581 0.000010
0.000010 0.000010 0.000010 0.788370 0.000010 0.000010 0.000010 0.000010 0.000010 0.211540 0.000010
0.000010 0.636358 0.000010 0.000010 0.000010 0.000010 0.000010 0.000010 0.000010 0.363552 0.000010
0.000010 0.999900 0.000010 0.000010 0.000010 0.000010 0.000010 0.000010 0.000010 0.000010 0.000010
0.000010 0.000010 0.000010 0.999900 0.000010 0.000010 0.000010 0.000010 0.000010 0.000010 0.000010
0.000010 0.445812 0.000010 0.000010 0.000010 0.000010 0.000010 0.000010 0.000010 0.000010 0.554098
0.000010 0.000010 0.000010 0.150975 0.000010 0.000010 0.000010 0.000010 0.000010 0.239678 0.609267
0.000010 0.340871 0.000010 0.000010 0.000013 0.000010 0.000010 0.000010 0.000010 0.112907 0.546139
0.000010 0.000010 0.000010 0.000012 0.000010 0.000010 0.000010 0.000010 0.000010 0.478860 0.521048
0.000010 0.000010 0.000010 0.442297 0.000010 0.000010 0.000010 0.000010 0.000010 0.000010 0.557613
0.000010 0.000010 0.000010 0.000010 0.000010 0.000010 0.000010 0.000010 0.000010 0.473126 0.526784
0.000010 0.000010 0.000010 0.000010 0.000010 0.000010 0.000010 0.493297 0.000010 0.000010 0.506613
0.715217 0.000010 0.000010 0.000010 0.000010 0.000010 0.000010 0.000010 0.000010 0.284693 0.000010
0.000010 0.500566 0.000010 0.000010 0.000010 0.000010 0.000010 0.499344 0.000010 0.000010 0.000010
0.000010 0.000010 0.000010 0.620953 0.000010 0.000010 0.000010 0.000010 0.000010 0.378957 0.000010
0.466390 0.000010 0.000010 0.533520 0.000010 0.000010 0.000010 0.000010 0.000010 0.000010 0.000010
0.021966 0.379342 0.000013 0.000010 0.000010 0.000010 0.000010 0.000010 0.000010 0.000010 0.598610
0.119645 0.000010 0.000010 0.256789 0.000019 0.000010 0.000010 0.000010 0.000010 0.000010 0.623477
0.000010 0.406009 0.000010 0.000010 0.000010 0.000010 0.000010 0.000010 0.000010 0.000010 0.593901
0.000020 0.470989 0.000010 0.000010 0.000011 0.000010 0.000010 0.000010 0.000010 0.000010 0.528910
0.240278 0.000010 0.000010 0.000010 0.000010 0.000010 0.000010 0.000010 0.000010 0.143944 0.615698
0.412742 0.000010 0.000010 0.000010 0.000010 0.000010 0.000010 0.000010 0.000010 0.000010 0.587168
0.385575 0.000010 0.000013 0.000010 0.000010 0.000010 0.000010 0.000010 0.000010 0.000010 0.614331
0.404170 0.000010 0.000010 0.000010 0.000010 0.000010 0.000010 0.000010 0.000010 0.000010 0.595740
0.696825 0.000010 0.000010 0.000010 0.000010 0.000010 0.303085 0.000010 0.000010 0.000010 0.000010
0.999900 0.000010 0.000010 0.000010 0.000010 0.000010 0.000010 0.000010 0.000010 0.000010 0.000010
0.999900 0.000010 0.000010 0.000010 0.000010 0.000010 0.000010 0.000010 0.000010 0.000010 0.000010
0.999900 0.000010 0.000010 0.000010 0.000010 0.000010 0.000010 0.000010 0.000010 0.000010 0.000010
0.999900 0.000010 0.000010 0.000010 0.000010 0.000010 0.000010 0.000010 0.000010 0.000010 0.000010
0.968144 0.000010 0.000010 0.000010 0.000010 0.000010 0.000010 0.000010 0.000010 0.031766 0.000010
0.000010 0.000010 0.000010 0.000010 0.131699 0.000010 0.000010 0.408469 0.000010 0.459752 0.000010
0.000010 0.000010 0.000010 0.000010 0.000010 0.000010 0.000010 0.999900 0.000010 0.000010 0.000010
0.000010 0.000010 0.000010 0.000010 0.000010 0.000010 0.000010 0.316200 0.376832 0.306888 0.000010
0.000010 0.000010 0.000010 0.000010 0.000010 0.000010 0.000010 0.499708 0.000010 0.500202 0.000010
0.768280 0.000010 0.000010 0.020975 0.000010 0.000010 0.000010 0.000010 0.000010 0.210665 0.000010
0.000010 0.000010 0.000010 0.000010 0.000010 0.000010 0.000010 0.238938 0.514161 0.246820 0.000010
0.820014 0.000010 0.000010 0.000012 0.000010 0.000010 0.179894 0.000010 0.000010 0.000010 0.000010
0.000010 0.000010 0.000010 0.000010 0.000010 0.000010 0.999900 0.000010 0.000010 0.000010 0.000010
0.000010 0.000010 0.000010 0.000010 0.000010 0.000010 0.999900 0.000010 0.000010 0.000010 0.000010
0.000010 0.000010 0.000010 0.000010 0.000010 0.999900 0.000010 0.000010 0.000010 0.000010 0.000010
0.000010 0.000010 0.000010 0.000010 0.000012 0.999898 0.000010 0.000010 0.000010 0.000010 0.000010
0.461026 0.000010 0.000010 0.000010 0.000010 0.538884 0.000010 0.000010 0.000010 0.000010 0.000010
0.000010 0.000010 0.000010 0.000010 0.000010 0.999894 0.000010 0.000010 0.000010 0.000016 0.000010
0.000010 0.000010 0.000010 0.000010 0.000019 0.999889 0.000010 0.000010 0.000012 0.000010 0.000010
0.000010 0.000010 0.000010 0.000010 0.000010 0.999900 0.000010 0.000010 0.000010 0.000010 0.000010
0.090313 0.000010 0.000010 0.000010 0.000010 0.000010 0.909597 0.000010 0.000010 0.000010 0.000010
0.000010 0.000010 0.509500 0.000010 0.000010 0.000010 0.000010 0.490410 0.000010 0.000010 0.000010
0.000010 0.000010 0.000010 0.000010 0.000010 0.000010 0.000010 0.999900 0.000010 0.000010 0.000010
0.414822 0.000010 0.000010 0.000010 0.000010 0.000010 0.000010 0.000010 0.000010 0.000010 0.585088
0.000010 0.000010 0.000010 0.000010 0.000010 0.000010 0.000010 0.999900 0.000010 0.000010 0.000010
0.688591 0.196095 0.000010 0.000010 0.000010 0.000010 0.000010 0.000010 0.000010 0.115233 0.000010
0.000010 0.000010 0.000010 0.000010 0.000010 0.000010 0.000010 0.000010 0.000010 0.423041 0.576869
0.000010 0.000010 0.000010 0.999900 0.000010 0.000010 0.000010 0.000010 0.000010 0.000010 0.000010
0.000010 0.000010 0.000010 0.435834 0.000010 0.000010 0.000010 0.000010 0.000010 0.000010 0.564076
0.000010 0.429795 0.000010 0.000010 0.000010 0.000010 0.000010 0.000010 0.000010 0.000010 0.570115
0.397724 0.000011 0.000010 0.000010 0.000010 0.000010 0.000010 0.000010 0.000010 0.000010 0.602185
0.000010 0.000010 0.000010 0.420751 0.000010 0.000010 0.000010 0.000010 0.000010 0.000010 0.579159
0.385340 0.000010 0.000010 0.000010 0.000010 0.000010 0.000010 0.000010 0.000010 0.000010 0.614570
0.000010 0.000010 0.000010 0.350782 0.000010 0.000010 0.000010 0.000010 0.000010 0.000010 0.649128
0.000010 0.442917 0.000010 0.000010 0.000010 0.000010 0.000010 0.000010 0.000010 0.000010 0.556993
0.000010 0.131315 0.000010 0.143495 0.000010 0.000010 0.000010 0.000010 0.000010 0.140792 0.584329
0.000010 0.000010 0.000010 0.194386 0.000010 0.000010 0.000010 0.000010 0.000010 0.228680 0.576854
0.000010 0.000010 0.000010 0.862243 0.000010 0.000010 0.000010 0.000010 0.000010 0.137667 0.000010
0.000010 0.425922 0.000010 0.000010 0.000010 0.000010 0.000010 0.000010 0.000010 0.573988 0.000010
0.000010 0.999900 0.000010 0.000010 0.000010 0.000010 0.000010 0.000010 0.000010 0.000010 0.000010
0.000010 0.200007 0.000010 0.253578 0.000010 0.000010 0.000010 0.000010 0.000010 0.000010 0.546335
0.000011 0.000010 0.000010 0.426782 0.000010 0.000010 0.000010 0.000010 0.000010 0.000010 0.573128
0.000010 0.311506 0.000010 0.146483 0.000010 0.000010 0.000010 0.000010 0.000010 0.000010 0.541931
0.000010 0.442316 0.000010 0.000010 0.000010 0.000010 0.000010 0.000010 0.000010 0.000010 0.557594
0.690986 0.297597 0.000010 0.000010 0.000010 0.000010 0.000010 0.000010 0.000010 0.000010 0.011337
0.000010 0.000018 0.000010 0.000010 0.000013 0.000010 0.999889 0.000010 0.000010 0.000010 0.000010
0.000010 0.000010 0.000010 0.000010 0.000010 0.000010 0.999900 0.000010 0.000010 0.000010 0.000010
0.003921 0.000010 0.000010 0.000010 0.000010 0.000010 0.995986 0.000010 0.000013 0.000010 0.000010
0.000017 0.000010 0.000010 0.000010 0.000010 0.000010 0.999893 0.000010 0.000010 0.000010 0.000010
0.000015 0.000010 0.000010 0.000010 0.000010 0.000010 0.999895 0.000010 0.000010 0.000010 0.000010
0.131532 0.000010 0.000010 0.868378 0.000010 0.000010 0.000010 0.000010 0.000010 0.000010 0.000010
0.000010 0.999900 0.000010 0.000010 0.000010 0.000010 0.000010 0.000010 0.000010 0.000010 0.000010
0.000010 0.000010 0.000010 0.999900 0.000010 0.000010 0.000010 0.000010 0.000010 0.000010 0.000010
0.000010 0.294310 0.000010 0.179662 0.000010 0.000010 0.000010 0.000010 0.000010 0.525948 0.000010
0.000010 0.000010 0.000010 0.920205 0.000010 0.000010 0.000010 0.000010 0.000010 0.079705 0.000010
0.000010 0.999900 0.000010 0.000010 0.000010 0.000010 0.000010 0.000010 0.000010 0.000010 0.000010
0.000010 0.970136 0.000010 0.000010 0.000010 0.000010 0.000010 0.000010 0.000010 0.029774 0.000010
0.000010 0.000010 0.000010 0.999900 0.000010 0.000010 0.000010 0.000010 0.000010 0.000010 0.000010
0.059650 0.000010 0.000010 0.940260 0.000010 0.000010 0.000010 0.000010 0.000010 0.000010 0.000010
0.000010 0.000010 0.000010 0.999893 0.000010 0.000010 0.000011 0.000010 0.000012 0.000015 0.000010
0.000010 0.840114 0.000010 0.000010 0.000010 0.000010 0.000010 0.000010 0.000010 0.159796 0.000010
0.000010 0.000010 0.000010 0.999900 0.000010 0.000010 0.000010 0.000010 0.000010 0.000010 0.000010
0.000010 0.531059 0.000010 0.000010 0.000010 0.000010 0.000010 0.000010 0.000010 0.468851 0.000010
0.000010 0.000010 0.000010 0.000010 0.000010 0.000010 0.000010 0.000010 0.999900 0.000010 0.000010
0.000010 0.000010 0.000010 0.000010 0.000010 0.000010 0.000010 0.999900 0.000010 0.000010 0.000010
0.000010 0.000010 0.000010 0.000010 0.000010 0.000010 0.000010 0.999900 0.000010 0.000010 0.000010
0.744195 0.000010 0.000010 0.000010 0.000010 0.000010 0.000010 0.000010 0.000010 0.255715 0.000010
0.000010 0.000010 0.000010 0.000010 0.000010 0.000010 0.000010 0.999900 0.000010 0.000010 0.000010
0.397565 0.000010 0.000010 0.000010 0.000010 0.000010 0.048632 0.000010 0.000010 0.553723 0.000010
0.000010 0.000010 0.000010 0.000010 0.000010 0.000010 0.000010 0.510856 0.000010 0.489054 0.000010
0.000010 0.000010 0.000010 0.000010 0.000011 0.000010 0.000010 0.000010 0.000010 0.999899 0.000010
0.178508 0.087311 0.000017 0.000010 0.000010 0.000010 0.000010 0.000010 0.000010 0.734094 0.000010
0.000010 0.000010 0.000010 0.000010 0.000010 0.000010 0.000010 0.300913 0.393041 0.305966 0.000010
0.184026 0.000010 0.000010 0.000010 0.000010 0.000010 0.000010 0.000010 0.000010 0.815884 0.000010
0.000010 0.000010 0.000010 0.000010 0.000010 0.000010 0.000010 0.999900 0.000010 0.000010 0.000010
0.000010 0.000010 0.000010 0.000010 0.000010 0.000010 0.000010 0.000010 0.999900 0.000010 0.000010
0.000010 0.000010 0.000010 0.000010 0.000010 0.000010 0.000010 0.999900 0.000010 0.000010 0.000010
0.000010 0.000010 0.000010 0.000010 0.000010 0.000010 0.000010 0.999900 0.000010 0.000010 0.000010
0.000010 0.000010 0.000010 0.000010 0.000010 0.000010 0.000010 0.999900 0.000010 0.000010 0.000010
0.000010 0.000010 0.000010 0.000010 0.000010 0.000010 0.000010 0.999900 0.000010 0.000010 0.000010
0.000010 0.000010 0.000010 0.000010 0.000010 0.000010 0.000010 0.999900 0.000010 0.000010 0.000010
0.000010 0.000010 0.000010 0.000010 0.000010 0.000010 0.000010 0.999900 0.000010 0.000010 0.000010
0.000010 0.000010 0.000010 0.000010 0.000010 0.000010 0.000010 0.999900 0.000010 0.000010 0.000010
