0.000010 0.000010 0.000010 0.000013 0.000010 0.999907 0.000010 0.000010 0.000010 0.000010
0.000010 0.000010 0.000010 0.000010 0.000010 0.000010 0.441234 0.000010 0.000010 0.558686
0.000010 0.000010 0.000010 0.000010 0.986790 0.000010 0.000010 0.000010 0.000010 0.013130
0.000010 0.000010 0.000010 0.000010 0.999910 0.000010 0.000010 0.000010 0.000010 0.000010
0.000010 0.000010 0.000010 0.000010 0.412090 0.000010 0.000010 0.000010 0.000010 0.587830
0.000012 0.000010 0.000010 0.000019 0.000010 0.999898 0.000010 0.000010 0.000010 0.000010
0.000017 0.000010 0.000017 0.000010 0.000010 0.999897 0.000010 0.000010 0.000010 0.000010
0.000010 0.000010 0.000010 0.000010 0.835150 0.164770 0.000010 0.000010 0.000010 0.000010
0.999910 0.000010 0.000010 0.000010 0.000010 0.000010 0.000010 0.000010 0.000010 0.000010
0.000010 0.000010 0.000012 0.000018 0.999895 0.000010 0.000010 0.000014 0.000010 0.000010
0.000010 0.000010 0.000010 0.000010 0.489146 0.000010 0.000010 0.000010 0.498870 0.011914
0.000010 0.000010 0.000010 0.000010 0.612798 0.000010 0.200835 0.186297 0.000010 0.000010
0.000010 0.000010 0.000010 0.000010 0.000010 0.000010 0.999910 0.000010 0.000010 0.000010
0.000010 0.000010 0.000010 0.000010 0.444024 0.000010 0.555893 0.000013 0.000010 0.000010
0.000010 0.000010 0.000010 0.031431 0.464958 0.000010 0.000010 0.000010 0.503542 0.000010
0.000010 0.000010 0.000010 0.000010 0.000010 0.000010 0.314597 0.190043 0.495289 0.000010
0.000010 0.000010 0.000010 0.000010 0.521504 0.000010 0.000010 0.478416 0.000010 0.000010
0.000010 0.000010 0.038595 0.000010 0.455631 0.000010 0.000010 0.000010 0.505704 0.000010
0.000010 0.717271 0.000010 0.000010 0.282649 0.000010 0.000010 0.000010 0.000010 0.000010
0.000010 0.000010 0.573777 0.000010 0.426143 0.000010 0.000010 0.000010 0.000010 0.000010
0.000010 0.000010 0.000010 0.000010 0.500472 0.000010 0.000010 0.499448 0.000010 0.000010
0.000010 0.000010 0.000010 0.000016 0.452179 0.000010 0.286116 0.261630 0.000010 0.000010
0.000010 0.000010 0.000010 0.000010 0.999910 0.000010 0.000010 0.000010 0.000010 0.000010
0.000010 0.000010 0.000010 0.000010 0.999910 0.000010 0.000010 0.000010 0.000010 0.000010
0.000010 0.000010 0.000010 0.000010 0.491734 0.000010 0.136403 0.371793 0.000010 0.000010
0.000010 0.000010 0.000010 0.000010 0.496160 0.000010 0.000010 0.000010 0.503760 0.000010
0.000010 0.000010 0.000010 0.000010 0.000010 0.000010 0.500623 0.000010 0.499297 0.000010
0.000010 0.047823 0.430757 0.000010 0.521350 0.000010 0.000010 0.000010 0.000010 0.000010
0.331827 0.026439 0.000010 0.000010 0.641664 0.000010 0.000010 0.000010 0.000010 0.000010
0.000010 0.000010 0.000010 0.000010 0.498195 0.000010 0.000010 0.000010 0.501725 0.000010
0.999910 0.000010 0.000010 0.000010 0.000010 0.000010 0.000010 0.000010 0.000010 0.000010
0.499983 0.000010 0.000010 0.000010 0.000010 0.000010 0.000010 0.000010 0.499937 0.000010
0.000010 0.000016 0.000010 0.000016 0.999898 0.000010 0.000010 0.000010 0.000010 0.000010
0.000010 0.000010 0.000010 0.000010 0.484220 0.000010 0.000010 0.515700 0.000010 0.000010
0.338421 0.000010 0.157980 0.000010 0.000010 0.000010 0.000010 0.000010 0.503529 0.000010
0.000010 0.000010 0.000010 0.000010 0.488291 0.141866 0.000010 0.353457 0.000010 0.016325
0.115251 0.000010 0.000010 0.000010 0.388215 0.000010 0.000010 0.000010 0.496464 0.000010
0.000010 0.000010 0.000010 0.000010 0.494587 0.000010 0.000010 0.000010 0.505333 0.000010
0.000010 0.000010 0.000010 0.000010 0.504015 0.000010 0.000010 0.000010 0.495905 0.000010
0.000012 0.000010 0.000010 0.000012 0.492610 0.000010 0.000010 0.000010 0.507307 0.000010
0.000010 0.000010 0.000010 0.000010 0.456035 0.035955 0.000010 0.000010 0.507940 0.000010
0.000010 0.000010 0.000010 0.000010 0.581402 0.000010 0.418518 0.000010 0.000010 0.000010
0.000010 0.000010 0.000010 0.000010 0.999910 0.000010 0.000010 0.000010 0.000010 0.000010
0.000010 0.000010 0.000010 0.000010 0.493033 0.000010 0.506887 0.000010 0.000010 0.000010
0.000010 0.000010 0.489304 0.000010 0.028140 0.000010 0.000010 0.000010 0.482485 0.000010
0.000016 0.000010 0.037103 0.000010 0.000010 0.000010 0.000010 0.000010 0.962811 0.000010
0.000017 0.000010 0.000016 0.000010 0.000015 0.000010 0.146074 0.345180 0.508659 0.000010
0.000010 0.000010 0.000010 0.000010 0.508018 0.000010 0.000010 0.000010 0.491902 0.000010
0.000010 0.000010 0.139779 0.000010 0.000010 0.000010 0.858652 0.000010 0.000010 0.001499
0.000010 0.000010 0.000012 0.000010 0.999908 0.000010 0.000010 0.000010 0.000010 0.000010
0.000010 0.000010 0.000010 0.000010 0.999910 0.000010 0.000010 0.000010 0.000010 0.000010
0.568877 0.000010 0.431043 0.000010 0.000010 0.000010 0.000010 0.000010 0.000010 0.000010
0.000010 0.000010 0.491234 0.000010 0.000010 0.000010 0.000010 0.000010 0.000010 0.508686
0.000010 0.000011 0.488649 0.000010 0.000010 0.000013 0.000010 0.000010 0.000010 0.511267
0.000010 0.000010 0.459535 0.000010 0.000010 0.000010 0.540385 0.000010 0.000010 0.000010
0.000010 0.000010 0.458193 0.000010 0.000010 0.000010 0.541727 0.000010 0.000010 0.000010
0.000010 0.000013 0.000010 0.000010 0.000010 0.000010 0.413952 0.000010 0.000010 0.585965
0.000010 0.000010 0.000010 0.000010 0.000010 0.000010 0.490557 0.000010 0.000010 0.509363
0.000010 0.000010 0.000010 0.000010 0.471458 0.000010 0.000010 0.515588 0.000010 0.012884
0.000010 0.000010 0.077186 0.000010 0.922734 0.000010 0.000010 0.000010 0.000010 0.000010
0.000010 0.000010 0.000010 0.000010 0.999910 0.000010 0.000010 0.000010 0.000010 0.000010
0.000010 0.000010 0.000010 0.000010 0.999910 0.000010 0.000010 0.000010 0.000010 0.000010
0.000010 0.000010 0.000010 0.000010 0.999910 0.000010 0.000010 0.000010 0.000010 0.000010
0.000010 0.999910 0.000010 0.000010 0.000010 0.000010 0.000010 0.000010 0.000010 0.000010
0.000010 0.000010 0.000010 0.999910 0.000010 0.000010 0.000010 0.000010 0.000010 0.000010
0.000010 0.530784 0.000010 0.000010 0.000010 0.000010 0.000010 0.000010 0.469136 0.000010
0.197282 0.000010 0.000010 0.000010 0.000010 0.000010 0.802638 0.000010 0.000010 0.000010
0.127974 0.000010 0.134303 0.000010 0.000010 0.000010 0.240203 0.497460 0.000010 0.000010
0.000010 0.000010 0.346785 0.000010 0.000010 0.000010 0.653135 0.000010 0.000010 0.000010
0.000010 0.000010 0.000010 0.000010 0.000010 0.000010 0.999910 0.000010 0.000010 0.000010
0.000010 0.000010 0.000010 0.000010 0.000010 0.000010 0.000010 0.999910 0.000010 0.000010
0.000010 0.000010 0.000010 0.000011 0.000010 0.000010 0.449606 0.000010 0.000010 0.550313
0.000010 0.000010 0.236101 0.000010 0.000010 0.000010 0.000010 0.153679 0.000010 0.610150
0.080354 0.000010 0.056455 0.000010 0.000010 0.000010 0.257779 0.083083 0.000010 0.522279
0.000010 0.000010 0.472400 0.000010 0.000010 0.000010 0.000010 0.000010 0.000010 0.527520
0.000010 0.000010 0.000010 0.000010 0.000010 0.000010 0.000010 0.436655 0.000010 0.563265
0.000010 0.000010 0.467818 0.000013 0.000013 0.000015 0.000011 0.000010 0.000010 0.532091
0.000010 0.000010 0.000010 0.000010 0.000010 0.000010 0.000010 0.000010 0.492225 0.507695
0.999910 0.000010 0.000010 0.000010 0.000010 0.000010 0.000010 0.000010 0.000010 0.000010
0.000010 0.000010 0.000010 0.000010 0.000010 0.000010 0.182966 0.318971 0.497994 0.000010
0.000010 0.000010 0.365518 0.000010 0.016431 0.000010 0.000010 0.617981 0.000010 0.000010
0.000010 0.000010 0.000010 0.000010 0.493922 0.000010 0.000010 0.505998 0.000010 0.000010
0.000010 0.000010 0.000010 0.000010 0.003893 0.000014 0.390519 0.000010 0.000010 0.605513
0.000010 0.000010 0.000010 0.000010 0.138003 0.000010 0.000010 0.243363 0.000010 0.618564
0.000011 0.000010 0.000010 0.000010 0.000012 0.000010 0.410167 0.000010 0.000010 0.589750
0.000010 0.000010 0.000010 0.000010 0.000010 0.000010 0.391288 0.083036 0.000010 0.525606
0.435353 0.000010 0.000010 0.000010 0.000010 0.000010 0.000010 0.000010 0.000010 0.564567
0.000010 0.000011 0.000010 0.000011 0.413249 0.000010 0.000010 0.000010 0.000010 0.586669
0.000010 0.000010 0.000010 0.000010 0.389707 0.000010 0.000010 0.000010 0.000010 0.610213
0.000010 0.000010 0.000010 0.000010 0.408223 0.000010 0.000010 0.000010 0.000010 0.591697
0.000010 0.000010 0.000010 0.306495 0.693425 0.000010 0.000010 0.000010 0.000010 0.000010
0.000010 0.000010 0.000010 0.000010 0.999910 0.000010 0.000010 0.000010 0.000010 0.000010
0.000010 0.000010 0.000010 0.000010 0.999910 0.000010 0.000010 0.000010 0.000010 0.000010
0.000010 0.000010 0.000010 0.000010 0.999910 0.000010 0.000010 0.000010 0.000010 0.000010
0.000010 0.000010 0.000010 0.000010 0.999910 0.000010 0.000010 0.000010 0.000010 0.000010
0.150504 0.000010 0.000010 0.000010 0.849416 0.000010 0.000010 0.000010 0.000010 0.000010
0.000010 0.000010 0.474224 0.000010 0.049155 0.000010 0.000010 0.000010 0.476551 0.000010
0.000010 0.000010 0.000010 0.000010 0.000010 0.000010 0.000010 0.000010 0.999910 0.000010
0.000010 0.000010 0.361021 0.000010 0.130469 0.000010 0.000010 0.000010 0.508440 0.000010
0.039019 0.000010 0.461517 0.000010 0.000010 0.000012 0.000012 0.000010 0.499391 0.000010
0.999910 0.000010 0.000010 0.000010 0.000010 0.000010 0.000010 0.000010 0.000010 0.000010
0.170379 0.000010 0.326998 0.000010 0.000010 0.000010 0.000010 0.000010 0.502553 0.000010
0.000010 0.000010 0.000010 0.179222 0.820698 0.000010 0.000010 0.000010 0.000010 0.000010
0.000010 0.000010 0.000010 0.999910 0.000010 0.000010 0.000010 0.000010 0.000010 0.000010
0.000010 0.000010 0.000010 0.999910 0.000010 0.000010 0.000010 0.000010 0.000010 0.000010
0.000010 0.000010 0.000010 0.000010 0.000010 0.000010 0.000012 0.000010 0.999908 0.000010
0.000011 0.000010 0.000012 0.000010 0.000010 0.000014 0.000019 0.000010 0.999894 0.000010
0.088895 0.000010 0.000010 0.000010 0.392492 0.000010 0.000010 0.000010 0.518543 0.000010
0.000010 0.000010 0.000010 0.000010 0.000010 0.000010 0.000010 0.000010 0.999910 0.000010
0.000010 0.000010 0.000010 0.000011 0.000010 0.000010 0.000010 0.000010 0.999909 0.000010
0.000018 0.000010 0.000010 0.000010 0.000010 0.000010 0.000010 0.000010 0.999902 0.000010
0.000010 0.000010 0.000010 0.908427 0.091493 0.000010 0.000010 0.000010 0.000010 0.000010
0.000010 0.530277 0.000010 0.000010 0.000010 0.000010 0.000010 0.000010 0.469643 0.000010
0.000010 0.000010 0.000010 0.000010 0.000010 0.000010 0.000010 0.000010 0.999910 0.000010
0.424948 0.000010 0.000010 0.000010 0.000010 0.000010 0.000010 0.000010 0.000010 0.574972
0.000010 0.000012 0.000010 0.000010 0.000010 0.000010 0.000010 0.000010 0.999908 0.000010
0.869681 0.000010 0.000010 0.000010 0.000010 0.000010 0.130239 0.000010 0.000010 0.000010
0.000010 0.000010 0.430068 0.000010 0.000010 0.000010 0.000010 0.000010 0.000010 0.569852
0.000010 0.000010 0.000010 0.000010 0.084786 0.000010 0.915134 0.000010 0.000010 0.000010
0.000011 0.000010 0.000010 0.000010 0.000010 0.000010 0.000010 0.434260 0.000010 0.565659
0.000010 0.000010 0.000010 0.000010 0.000010 0.000010 0.099565 0.335575 0.000010 0.564790
0.000010 0.000010 0.000010 0.000011 0.366309 0.031579 0.000010 0.000015 0.000010 0.602037
0.000010 0.000010 0.000010 0.000010 0.000010 0.000010 0.000010 0.413840 0.000010 0.586080
0.000011 0.000011 0.000010 0.000010 0.386881 0.000010 0.000010 0.000011 0.000010 0.613036
0.000010 0.000010 0.000010 0.000010 0.001602 0.000010 0.000010 0.346953 0.000010 0.651375
0.000010 0.000010 0.000010 0.000010 0.000010 0.000010 0.330068 0.119951 0.000010 0.549911
0.000010 0.000010 0.120360 0.000010 0.000010 0.000010 0.000010 0.296610 0.000010 0.582960
0.000010 0.000010 0.225096 0.000010 0.000010 0.000010 0.000010 0.189581 0.000010 0.585253
0.000010 0.000010 0.130773 0.000010 0.000010 0.000010 0.000010 0.869147 0.000010 0.000010
0.000010 0.000010 0.568598 0.000010 0.000010 0.000010 0.000010 0.431322 0.000010 0.000010
0.000010 0.000010 0.000010 0.000010 0.000010 0.000010 0.000010 0.999910 0.000010 0.000010
0.000010 0.000010 0.000010 0.000010 0.000010 0.000010 0.180307 0.272888 0.000010 0.546735
0.000010 0.000010 0.000010 0.000010 0.000010 0.000010 0.000010 0.425959 0.000010 0.573961
0.000010 0.000010 0.000010 0.000010 0.000010 0.000010 0.000010 0.460412 0.000010 0.539508
0.000010 0.000010 0.000010 0.000010 0.000010 0.000010 0.452370 0.000010 0.000010 0.547550
0.000010 0.000010 0.000010 0.000010 0.000010 0.712733 0.000010 0.287187 0.000010 0.000010
0.000010 0.000010 0.000010 0.999910 0.000010 0.000010 0.000010 0.000010 0.000010 0.000010
0.000010 0.000010 0.000010 0.999910 0.000010 0.000010 0.000010 0.000010 0.000010 0.000010
0.000010 0.000010 0.000010 0.988537 0.011383 0.000010 0.000010 0.000010 0.000010 0.000010
0.000010 0.000010 0.000010 0.999910 0.000010 0.000010 0.000010 0.000010 0.000010 0.000010
0.000010 0.000010 0.000010 0.999910 0.000010 0.000010 0.000010 0.000010 0.000010 0.000010
0.000010 0.000010 0.000010 0.000010 0.193126 0.000010 0.000010 0.806794 0.000010 0.000010
0.000010 0.000010 0.000010 0.000010 0.000010 0.000010 0.999910 0.000010 0.000010 0.000010
0.000010 0.000010 0.000010 0.000010 0.000010 0.000010 0.000010 0.999910 0.000010 0.000010
0.000010 0.000010 0.510160 0.000010 0.000010 0.000010 0.000010 0.489760 0.000010 0.000010
0.000010 0.000010 0.075717 0.000010 0.000010 0.062365 0.000010 0.861849 0.000010 0.000010
0.000010 0.000010 0.000010 0.000010 0.000010 0.000010 0.999910 0.000010 0.000010 0.000010
0.000010 0.000010 0.000010 0.000010 0.000010 0.000010 0.999910 0.000010 0.000010 0.000010
0.000010 0.000010 0.000010 0.000010 0.000010 0.000010 0.000010 0.999910 0.000010 0.000010
0.000010 0.000010 0.000010 0.000010 0.140634 0.000010 0.443382 0.415914 0.000010 0.000010
0.000010 0.000010 0.000010 0.000014 0.000010 0.000010 0.000010 0.999906 0.000010 0.000010
0.000010 0.000010 0.148117 0.000010 0.000010 0.000010 0.484113 0.367699 0.000010 0.000010
0.000010 0.000010 0.000010 0.000010 0.000010 0.000010 0.000010 0.999910 0.000010 0.000010
0.111097 0.000010 0.355755 0.000010 0.000010 0.000010 0.533078 0.000010 0.000010 0.000010
0.490373 0.000010 0.000010 0.000010 0.000010 0.000010 0.000010 0.000010 0.509547 0.000010
0.000010 0.000010 0.000010 0.000010 0.000010 0.000010 0.000010 0.000010 0.999910 0.000010
0.000010 0.000010 0.000010 0.000010 0.000010 0.000010 0.000010 0.000010 0.999910 0.000010
0.999910 0.000010 0.000010 0.000010 0.000010 0.000010 0.000010 0.000010 0.000010 0.000010
0.000017 0.000010 0.000010 0.000010 0.000019 0.000018 0.000010 0.000010 0.999885 0.000010
0.000010 0.000011 0.519385 0.040685 0.439858 0.000010 0.000010 0.000010 0.000010 0.000010
0.064825 0.000010 0.426257 0.000010 0.000010 0.000010 0.000010 0.000010 0.508848 0.000010
0.000010 0.000010 0.999910 0.000010 0.000010 0.000010 0.000010 0.000010 0.000010 0.000010
0.318967 0.000010 0.594125 0.000010 0.000010 0.000010 0.086838 0.000010 0.000010 0.000010
0.166326 0.000010 0.334914 0.000010 0.000010 0.000010 0.000010 0.000010 0.498690 0.000010
0.365441 0.000010 0.634479 0.000010 0.000010 0.000010 0.000010 0.000010 0.000010 0.000010
0.000010 0.000010 0.000010 0.000010 0.000010 0.000010 0.000010 0.000010 0.999910 0.000010
0.500602 0.000010 0.000010 0.000010 0.000010 0.000010 0.000010 0.000010 0.499318 0.000010
0.000010 0.000010 0.000010 0.000010 0.000010 0.000010 0.000010 0.000010 0.999910 0.000010
0.000010 0.000010 0.000010 0.000010 0.000010 0.000010 0.000010 0.000010 0.999910 0.000010
0.000010 0.000010 0.000010 0.000010 0.000010 0.000010 0.000010 0.000010 0.999910 0.000010
0.000010 0.000010 0.000010 0.000010 0.000010 0.000010 0.000010 0.000010 0.999910 0.000010
0.000010 0.000010 0.000010 0.000010 0.000010 0.000010 0.000010 0.000010 0.999910 0.000010
0.000010 0.000010 0.000010 0.000010 0.000010 0.000010 0.000010 0.000016 0.999904 0.000010
0.000010 0.000010 0.000010 0.000010 0.000010 0.000010 0.000010 0.000010 0.999910 0.000010
