0.000010 0.000010 0.999930 0.000010 0.000010 0.000010 0.000010 0.000010
0.000010 0.000010 0.000010 0.439696 0.000013 0.000010 0.560240 0.000010
0.000010 0.000010 0.981004 0.000010 0.000010 0.000010 0.018936 0.000010
0.000010 0.000010 0.999930 0.000010 0.000010 0.000010 0.000010 0.000010
0.000017 0.000010 0.401423 0.000010 0.000018 0.000010 0.598502 0.000010
0.000010 0.000010 0.999930 0.000010 0.000010 0.000010 0.000010 0.000010
0.000010 0.000010 0.999930 0.000010 0.000010 0.000010 0.000010 0.000010
0.000014 0.000010 0.999920 0.000012 0.000014 0.000010 0.000010 0.000010
0.000010 0.000010 0.759961 0.024484 0.000010 0.000010 0.000010 0.215505
0.000010 0.000010 0.999930 0.000010 0.000010 0.000010 0.000010 0.000010
0.999930 0.000010 0.000010 0.000010 0.000010 0.000010 0.000010 0.000010
0.000014 0.000010 0.608902 0.391034 0.000010 0.000010 0.000010 0.000010
0.000010 0.000010 0.000010 0.999930 0.000010 0.000010 0.000010 0.000010
0.000010 0.000010 0.461381 0.538559 0.000010 0.000010 0.000010 0.000010
0.999922 0.000010 0.000010 0.000013 0.000010 0.000014 0.000010 0.000010
0.000010 0.497376 0.000010 0.502564 0.000010 0.000010 0.000010 0.000010
0.000012 0.000010 0.539631 0.460302 0.000015 0.000010 0.000010 0.000010
0.999930 0.000010 0.000010 0.000010 0.000010 0.000010 0.000010 0.000010
0.000010 0.000010 0.393320 0.000010 0.000010 0.000010 0.000010 0.606620
0.000010 0.000010 0.424825 0.000010 0.000010 0.000010 0.000010 0.575115
0.000010 0.000010 0.498149 0.498310 0.000010 0.000010 0.003491 0.000010
0.000012 0.000010 0.454452 0.545486 0.000010 0.000010 0.000010 0.000010
0.000010 0.000010 0.999930 0.000010 0.000010 0.000010 0.000010 0.000010
0.000010 0.000010 0.999930 0.000010 0.000010 0.000010 0.000010 0.000010
0.000010 0.000010 0.491241 0.508697 0.000011 0.000010 0.000010 0.000010
0.999930 0.000010 0.000010 0.000010 0.000010 0.000010 0.000010 0.000010
0.000012 0.501788 0.000010 0.498149 0.000010 0.000010 0.000010 0.000010
0.000010 0.000010 0.514716 0.000010 0.000010 0.000010 0.000010 0.485224
0.000010 0.000010 0.941252 0.000010 0.000010 0.000010 0.003474 0.055223
0.999930 0.000010 0.000010 0.000010 0.000010 0.000010 0.000010 0.000010
0.000010 0.000010 0.751885 0.000010 0.000014 0.000010 0.000010 0.248051
0.997337 0.002602 0.000010 0.000010 0.000010 0.000010 0.000012 0.000010
0.000016 0.000010 0.999924 0.000010 0.000010 0.000010 0.000010 0.000010
0.000010 0.000010 0.490399 0.509541 0.000010 0.000010 0.000010 0.000010
0.295751 0.000740 0.000010 0.000010 0.000010 0.703460 0.000010 0.000010
0.000010 0.000010 0.630902 0.341601 0.000010 0.000010 0.027447 0.000010
0.999930 0.000010 0.000010 0.000010 0.000010 0.000010 0.000010 0.000010
0.999930 0.000010 0.000010 0.000010 0.000010 0.000010 0.000010 0.000010
0.999927 0.000010 0.000010 0.000013 0.000010 0.000010 0.000010 0.000010
0.999930 0.000010 0.000010 0.000010 0.000010 0.000010 0.000010 0.000010
0.999920 0.000020 0.000010 0.000010 0.000010 0.000010 0.000010 0.000010
0.000010 0.000010 0.581587 0.418353 0.000010 0.000010 0.000010 0.000010
0.000010 0.000010 0.999930 0.000010 0.000010 0.000010 0.000010 0.000010
0.000010 0.000010 0.486902 0.475388 0.000010 0.000010 0.000010 0.037660
0.000010 0.000010 0.000010 0.000010 0.000010 0.999930 0.000010 0.000010
0.000019 0.923289 0.000010 0.000010 0.000010 0.076642 0.000010 0.000010
0.000010 0.511269 0.000010 0.488671 0.000010 0.000010 0.000010 0.000010
0.999930 0.000010 0.000010 0.000010 0.000010 0.000010 0.000010 0.000010
0.000010 0.000010 0.000010 0.821516 0.000010 0.000010 0.008697 0.169737
0.000010 0.000010 0.999930 0.000010 0.000010 0.000010 0.000010 0.000010
0.000010 0.000010 0.999930 0.000010 0.000010 0.000010 0.000010 0.000010
0.000010 0.000010 0.434594 0.000010 0.000011 0.000010 0.000010 0.565344
0.000010 0.000010 0.000010 0.000010 0.000010 0.000010 0.513966 0.485974
0.000010 0.000010 0.000010 0.000010 0.000010 0.000010 0.515230 0.484710
0.000010 0.000010 0.000010 0.519400 0.000010 0.000010 0.000010 0.480540
0.000010 0.000010 0.000010 0.519808 0.000010 0.000010 0.000010 0.480132
0.000010 0.000010 0.000010 0.372024 0.000015 0.000010 0.627911 0.000010
0.000014 0.000012 0.000010 0.438007 0.000014 0.000010 0.561923 0.000010
0.000010 0.000010 0.478430 0.505032 0.000010 0.000010 0.016488 0.000010
0.000010 0.000010 0.916717 0.000010 0.000010 0.000010 0.000010 0.083223
0.000010 0.000010 0.999930 0.000010 0.000010 0.000010 0.000010 0.000010
0.000016 0.000010 0.999914 0.000010 0.000020 0.000010 0.000010 0.000010
0.000010 0.000010 0.999930 0.000010 0.000010 0.000010 0.000010 0.000010
0.000010 0.000010 0.000010 0.106748 0.000010 0.000010 0.000010 0.893192
0.000010 0.000010 0.000010 0.000010 0.999930 0.000010 0.000010 0.000010
0.000010 0.484742 0.000013 0.000010 0.000011 0.000010 0.000010 0.515194
0.000011 0.000010 0.153316 0.719565 0.000010 0.000010 0.000010 0.127068
0.000016 0.000010 0.076949 0.728709 0.000010 0.000010 0.000010 0.194285
0.000010 0.000010 0.000010 0.623605 0.000015 0.000010 0.000010 0.376330
0.000010 0.000010 0.000010 0.955997 0.000010 0.000010 0.000010 0.043943
0.000010 0.000010 0.000010 0.999930 0.000010 0.000010 0.000010 0.000010
0.000014 0.000010 0.000015 0.446356 0.000017 0.000010 0.553569 0.000010
0.000010 0.000010 0.000010 0.153116 0.000010 0.000010 0.627089 0.219745
0.000010 0.000010 0.000016 0.350659 0.000011 0.000010 0.547484 0.101801
0.000010 0.000010 0.000010 0.000010 0.000010 0.000010 0.533219 0.466721
0.000010 0.000010 0.000010 0.429803 0.000016 0.000010 0.570132 0.000010
0.000010 0.000010 0.000010 0.000010 0.000010 0.000010 0.541140 0.458800
0.000010 0.491860 0.000010 0.000010 0.000010 0.000011 0.508079 0.000010
0.000010 0.000010 0.739093 0.000010 0.000010 0.000017 0.000010 0.260841
0.000010 0.499151 0.000010 0.500789 0.000010 0.000010 0.000010 0.000010
0.000010 0.000010 0.052812 0.575146 0.000010 0.000012 0.000010 0.371990
0.000012 0.000010 0.494631 0.497430 0.000010 0.000010 0.007887 0.000010
0.000015 0.000010 0.026992 0.370599 0.000020 0.000010 0.602343 0.000010
0.000010 0.000010 0.130190 0.236653 0.000010 0.000010 0.633108 0.000010
0.000010 0.000010 0.000015 0.410008 0.000014 0.000010 0.589923 0.000010
0.000010 0.000010 0.000010 0.473732 0.000010 0.000010 0.526208 0.000010
0.000011 0.000010 0.238591 0.000010 0.000010 0.000010 0.620359 0.141000
0.000014 0.000010 0.405847 0.000010 0.000010 0.000010 0.594088 0.000010
0.000016 0.000010 0.376241 0.000010 0.000014 0.000010 0.623690 0.000010
0.000013 0.000010 0.396582 0.000010 0.000018 0.000010 0.603347 0.000010
0.000010 0.000010 0.697080 0.000010 0.302860 0.000010 0.000010 0.000010
0.000010 0.000010 0.999930 0.000010 0.000010 0.000010 0.000010 0.000010
0.000016 0.000010 0.999915 0.000010 0.000010 0.000010 0.000019 0.000010
0.000010 0.000010 0.999930 0.000010 0.000010 0.000010 0.000010 0.000010
0.000010 0.000010 0.980813 0.000010 0.019127 0.000010 0.000010 0.000010
0.000010 0.000010 0.977669 0.000010 0.000015 0.000010 0.000010 0.022266
0.000010 0.000010 0.000010 0.000010 0.000010 0.999930 0.000010 0.000010
0.000010 0.999928 0.000011 0.000010 0.000010 0.000010 0.000011 0.000010
0.000010 0.000010 0.000010 0.000010 0.000010 0.999930 0.000010 0.000010
0.000010 0.000010 0.000010 0.000010 0.000010 0.999930 0.000010 0.000010
0.000010 0.000010 0.791180 0.023436 0.000014 0.000010 0.000010 0.185330
0.000017 0.000010 0.000010 0.000010 0.000010 0.999923 0.000010 0.000010
0.000010 0.000010 0.815752 0.000010 0.184188 0.000010 0.000010 0.000010
0.000010 0.000010 0.000010 0.000010 0.999930 0.000010 0.000010 0.000010
0.000010 0.000010 0.000010 0.000010 0.999930 0.000010 0.000010 0.000010
0.000010 0.999930 0.000010 0.000010 0.000010 0.000010 0.000010 0.000010
0.000010 0.999930 0.000010 0.000010 0.000010 0.000010 0.000010 0.000010
0.000010 0.521876 0.453521 0.000010 0.000010 0.000010 0.000010 0.024553
0.000010 0.999930 0.000010 0.000010 0.000010 0.000010 0.000010 0.000010
0.000010 0.999930 0.000010 0.000010 0.000010 0.000010 0.000010 0.000010
0.000010 0.999930 0.000010 0.000010 0.000010 0.000010 0.000010 0.000010
0.000010 0.000010 0.089186 0.000018 0.910745 0.000010 0.000010 0.000010
0.000011 0.506244 0.000013 0.000010 0.000011 0.000010 0.000010 0.493692
0.000011 0.999929 0.000010 0.000010 0.000010 0.000010 0.000010 0.000010
0.000010 0.000010 0.417389 0.000010 0.000011 0.000010 0.582550 0.000010
0.000010 0.999929 0.000010 0.000010 0.000010 0.000011 0.000010 0.000010
0.000010 0.000010 0.692520 0.170784 0.000010 0.000010 0.000010 0.136646
0.000010 0.000010 0.000010 0.000010 0.000010 0.000010 0.585834 0.414106
0.000010 0.000010 0.078389 0.921551 0.000010 0.000010 0.000010 0.000010
0.000010 0.000010 0.000010 0.415642 0.000010 0.000010 0.584298 0.000010
0.000010 0.000010 0.000010 0.428579 0.000010 0.000010 0.571361 0.000010
0.000010 0.000010 0.388963 0.000010 0.000010 0.000010 0.610977 0.000010
0.000013 0.000010 0.000010 0.400401 0.000010 0.000010 0.599536 0.000010
0.000012 0.000010 0.377353 0.000010 0.000016 0.000010 0.622579 0.000010
0.000010 0.000010 0.011177 0.331290 0.000017 0.000010 0.657477 0.000010
0.000010 0.000010 0.000018 0.445638 0.000010 0.000010 0.554294 0.000010
0.000010 0.000010 0.000010 0.277141 0.000011 0.000010 0.595991 0.126817
0.000010 0.000010 0.000010 0.186555 0.000010 0.000010 0.591672 0.221723
0.000010 0.000010 0.000010 0.849372 0.000010 0.000010 0.000010 0.150568
0.000010 0.000010 0.000010 0.442780 0.000010 0.000010 0.000010 0.557160
0.000010 0.000010 0.000010 0.999930 0.000010 0.000010 0.000010 0.000010
0.000010 0.000010 0.000017 0.444106 0.000010 0.000010 0.555826 0.000010
0.000010 0.000010 0.000016 0.412685 0.000010 0.000010 0.587249 0.000010
0.000010 0.000010 0.000010 0.456581 0.000010 0.000010 0.543359 0.000010
0.000018 0.000010 0.000010 0.391248 0.000010 0.000010 0.558036 0.050658
0.000010 0.000010 0.683298 0.288557 0.000010 0.000010 0.011510 0.016596
0.000010 0.000010 0.000010 0.000010 0.999925 0.000010 0.000015 0.000010
0.000010 0.000010 0.000010 0.000010 0.999930 0.000010 0.000010 0.000010
0.000010 0.000010 0.000010 0.000010 0.999930 0.000010 0.000010 0.000010
0.000010 0.000010 0.000010 0.000010 0.999930 0.000010 0.000010 0.000010
0.000010 0.000010 0.000010 0.000010 0.999930 0.000010 0.000010 0.000010
0.000010 0.000010 0.220801 0.779139 0.000010 0.000010 0.000010 0.000010
0.000010 0.000010 0.000010 0.908780 0.000010 0.000010 0.000010 0.091160
0.000010 0.000010 0.000010 0.999930 0.000010 0.000010 0.000010 0.000010
0.000010 0.000010 0.000010 0.480211 0.000010 0.000010 0.000010 0.519729
0.000010 0.000010 0.066207 0.823903 0.000010 0.000010 0.000010 0.109840
0.000010 0.000010 0.022052 0.977888 0.000010 0.000010 0.000010 0.000010
0.000010 0.000010 0.000010 0.872857 0.000010 0.000010 0.000010 0.127083
0.000010 0.000010 0.043226 0.956714 0.000010 0.000010 0.000010 0.000010
0.000010 0.000010 0.153851 0.846089 0.000010 0.000010 0.000010 0.000010
0.000010 0.000010 0.000010 0.999930 0.000010 0.000010 0.000010 0.000010
0.000010 0.000010 0.000011 0.846296 0.000010 0.000010 0.000010 0.153643
0.000010 0.000010 0.000010 0.948665 0.000010 0.000010 0.000010 0.051275
0.000010 0.000010 0.022405 0.539471 0.000010 0.000010 0.000010 0.438074
0.981365 0.018575 0.000010 0.000010 0.000010 0.000010 0.000010 0.000010
0.000010 0.999930 0.000010 0.000010 0.000010 0.000010 0.000010 0.000010
0.000010 0.999930 0.000010 0.000010 0.000010 0.000010 0.000010 0.000010
0.000011 0.000010 0.776621 0.000010 0.000010 0.000010 0.000010 0.223318
0.000013 0.999927 0.000010 0.000010 0.000010 0.000010 0.000010 0.000010
0.000012 0.000010 0.428146 0.000010 0.037775 0.000010 0.000010 0.534027
0.000010 0.000010 0.000010 0.000010 0.000010 0.999930 0.000010 0.000010
0.000010 0.000010 0.000010 0.000010 0.000010 0.000010 0.000010 0.999930
0.000010 0.000010 0.217491 0.096516 0.000014 0.000010 0.000010 0.685939
0.000010 0.000010 0.000010 0.000010 0.000010 0.999930 0.000010 0.000010
0.000010 0.000010 0.214623 0.000010 0.000019 0.000010 0.000010 0.785308
0.000010 0.999930 0.000010 0.000010 0.000010 0.000010 0.000010 0.000010
0.000010 0.030922 0.039269 0.000010 0.000010 0.929758 0.000010 0.000010
0.000010 0.999930 0.000010 0.000010 0.000010 0.000010 0.000010 0.000010
0.000014 0.999926 0.000010 0.000010 0.000010 0.000010 0.000010 0.000010
0.000010 0.999930 0.000010 0.000010 0.000010 0.000010 0.000010 0.000010
0.000010 0.999930 0.000010 0.000010 0.000010 0.000010 0.000010 0.000010
0.000010 0.999926 0.000010 0.000010 0.000010 0.000014 0.000010 0.000010
0.000010 0.999928 0.000012 0.000010 0.000010 0.000010 0.000010 0.000010
0.000010 0.999930 0.000010 0.000010 0.000010 0.000010 0.000010 0.000010
