0.000010 0.000010 0.000010 0.000010 0.999890 0.000010 0.000010 0.000010 0.000010 0.000010 0.000010 0.000010
0.000010 0.000010 0.000010 0.000010 0.000010 0.061077 0.528585 0.080617 0.000010 0.000010 0.329641 0.000010
0.000010 0.000010 0.044101 0.000010 0.000010 0.000010 0.097692 0.234117 0.624011 0.000010 0.000010 0.000010
0.000010 0.000010 0.000010 0.000010 0.020510 0.000010 0.000010 0.674959 0.304441 0.000010 0.000010 0.000010
0.000010 0.000010 0.000010 0.000010 0.000010 0.000010 0.547816 0.000010 0.439814 0.012280 0.000010 0.000010
0.000010 0.000010 0.000010 0.000010 0.999890 0.000010 0.000010 0.000010 0.000010 0.000010 0.000010 0.000010
0.000010 0.000010 0.000010 0.000010 0.999890 0.000010 0.000010 0.000010 0.000010 0.000010 0.000010 0.000010
0.000010 0.000010 0.000010 0.000010 0.000010 0.077458 0.000010 0.017995 0.393406 0.020112 0.490958 0.000010
0.000010 0.000010 0.000010 0.000010 0.200647 0.000010 0.045834 0.658027 0.000010 0.000010 0.000010 0.095411
0.000010 0.000010 0.000010 0.000010 0.000010 0.000010 0.000010 0.080144 0.919756 0.000010 0.000010 0.000010
0.000010 0.330340 0.035244 0.000010 0.053382 0.000010 0.000010 0.188274 0.392690 0.000010 0.000010 0.000010
0.000010 0.000010 0.000010 0.000010 0.004501 0.000010 0.000010 0.000010 0.448583 0.036977 0.000010 0.509859
0.000010 0.000010 0.000019 0.000010 0.000010 0.319251 0.000010 0.000010 0.000010 0.000010 0.680641 0.000010
0.000010 0.000010 0.000010 0.000010 0.000010 0.070926 0.000010 0.000010 0.483542 0.055400 0.390052 0.000010
0.323600 0.189978 0.000010 0.000010 0.000010 0.000010 0.000010 0.000010 0.486332 0.000010 0.000010 0.000010
0.453703 0.000010 0.000010 0.000010 0.000010 0.444370 0.000010 0.101837 0.000010 0.000010 0.000010 0.000010
0.000010 0.000012 0.000010 0.000010 0.000010 0.280738 0.000010 0.000010 0.489681 0.000010 0.000010 0.229489
0.000010 0.531714 0.000010 0.000010 0.000010 0.000010 0.000010 0.000010 0.468186 0.000010 0.000010 0.000010
0.000010 0.000010 0.000010 0.000010 0.999890 0.000010 0.000010 0.000010 0.000010 0.000010 0.000010 0.000010
0.000010 0.000010 0.000010 0.026600 0.349518 0.000010 0.151029 0.030459 0.384515 0.057819 0.000010 0.000010
0.000010 0.000010 0.000010 0.000010 0.000010 0.358037 0.000010 0.000010 0.638778 0.000010 0.000010 0.003095
0.000010 0.000010 0.016309 0.000010 0.000018 0.000010 0.000010 0.000010 0.424399 0.060336 0.000010 0.498869
0.000010 0.000010 0.000010 0.000010 0.000010 0.000010 0.000010 0.000010 0.999890 0.000010 0.000010 0.000010
0.000010 0.000010 0.035183 0.000010 0.000010 0.000010 0.000010 0.000010 0.964717 0.000010 0.000010 0.000010
0.000010 0.000010 0.028989 0.000010 0.000010 0.474818 0.000010 0.000010 0.390751 0.004007 0.000010 0.101365
0.258540 0.113796 0.000010 0.000010 0.000010 0.000010 0.000010 0.114888 0.492149 0.020557 0.000010 0.000010
0.078867 0.469534 0.000010 0.000010 0.000010 0.390835 0.000010 0.000010 0.000010 0.000010 0.060684 0.000010
0.324841 0.183303 0.000010 0.000010 0.390166 0.000010 0.101609 0.000010 0.000010 0.000010 0.000010 0.000010
0.547170 0.000010 0.000010 0.000010 0.000010 0.028186 0.000010 0.000010 0.424554 0.000010 0.000010 0.000010
0.067747 0.439993 0.000014 0.000010 0.000010 0.000010 0.000010 0.000010 0.475205 0.016970 0.000010 0.000010
0.000010 0.000010 0.037561 0.000010 0.000010 0.000010 0.000010 0.531451 0.430898 0.000010 0.000010 0.000010
0.401228 0.123718 0.000010 0.000010 0.000010 0.000016 0.000010 0.474958 0.000010 0.000010 0.000010 0.000010
0.000010 0.000010 0.000010 0.000010 0.000010 0.000010 0.000010 0.000010 0.999890 0.000010 0.000010 0.000010
0.000010 0.000010 0.000010 0.000010 0.000010 0.000010 0.000010 0.000010 0.442464 0.000010 0.000010 0.557436
0.166709 0.256314 0.000010 0.006213 0.000010 0.000010 0.000010 0.050838 0.499683 0.020183 0.000010 0.000010
0.000010 0.000010 0.000010 0.000010 0.000010 0.541711 0.000010 0.000010 0.458189 0.000010 0.000010 0.000010
0.282267 0.176546 0.000010 0.000010 0.010723 0.000010 0.000010 0.025891 0.488071 0.016443 0.000010 0.000010
0.544086 0.000010 0.000010 0.000010 0.000010 0.000010 0.000010 0.000010 0.455814 0.000010 0.000010 0.000010
0.000010 0.524585 0.000010 0.000010 0.000010 0.000010 0.000010 0.000010 0.475315 0.000010 0.000010 0.000010
0.000010 0.474960 0.000010 0.000010 0.000010 0.000010 0.000010 0.046168 0.478782 0.000010 0.000010 0.000010
0.534577 0.000010 0.000010 0.000010 0.000010 0.000010 0.000010 0.000010 0.465323 0.000010 0.000010 0.000010
0.000010 0.000010 0.000010 0.000010 0.000010 0.000010 0.000010 0.000010 0.000010 0.000010 0.000010 0.999890
0.000010 0.000010 0.039092 0.000010 0.000010 0.000010 0.000010 0.078599 0.882220 0.000010 0.000010 0.000010
0.000010 0.000010 0.000010 0.000010 0.000010 0.346357 0.000010 0.000010 0.476292 0.000010 0.000010 0.177262
0.516259 0.000010 0.000010 0.000010 0.000010 0.000010 0.000010 0.000010 0.483641 0.000010 0.000010 0.000010
0.595436 0.404461 0.000010 0.000010 0.000013 0.000010 0.000010 0.000010 0.000010 0.000010 0.000011 0.000010
0.495518 0.000010 0.000010 0.000010 0.000010 0.108817 0.000010 0.000010 0.000010 0.000010 0.000010 0.395575
0.111395 0.394649 0.000015 0.000010 0.000010 0.000010 0.000010 0.000010 0.493861 0.000010 0.000010 0.000010
0.000010 0.000010 0.000019 0.000010 0.000010 0.999876 0.000015 0.000010 0.000010 0.000010 0.000010 0.000010
0.000010 0.000010 0.000010 0.000010 0.000017 0.021299 0.000010 0.000010 0.978595 0.000010 0.000010 0.000010
0.000010 0.000010 0.000010 0.000010 0.000010 0.000010 0.000010 0.000010 0.999890 0.000010 0.000010 0.000010
0.000010 0.000010 0.028637 0.000010 0.000010 0.000010 0.000010 0.554122 0.417147 0.000014 0.000010 0.000010
0.000010 0.000010 0.000010 0.000014 0.000010 0.000010 0.493745 0.506151 0.000010 0.000011 0.000010 0.000010
0.000010 0.000010 0.000010 0.000014 0.000010 0.000010 0.500766 0.499129 0.000011 0.000010 0.000010 0.000010
0.000010 0.000010 0.000010 0.000010 0.000010 0.000010 0.000010 0.000010 0.320329 0.000010 0.679571 0.000010
0.000010 0.000010 0.000010 0.000010 0.000010 0.000010 0.000010 0.000010 0.315747 0.000010 0.684153 0.000010
0.000010 0.000010 0.000010 0.000012 0.000010 0.487563 0.512335 0.000010 0.000010 0.000010 0.000010 0.000010
0.000010 0.000010 0.000010 0.000010 0.000010 0.525490 0.474410 0.000010 0.000010 0.000010 0.000010 0.000010
0.000010 0.000010 0.000010 0.000010 0.000010 0.000010 0.011403 0.000010 0.317658 0.000010 0.670849 0.000010
0.000010 0.000010 0.000010 0.000010 0.000010 0.000010 0.000010 0.000010 0.999890 0.000010 0.000010 0.000010
0.000010 0.000010 0.000010 0.000010 0.000010 0.000010 0.000010 0.000010 0.940648 0.059252 0.000010 0.000010
0.000010 0.000010 0.000010 0.000010 0.000010 0.000010 0.000010 0.000010 0.999890 0.000010 0.000010 0.000010
0.000010 0.000010 0.000010 0.000010 0.000010 0.000010 0.000010 0.000010 0.999890 0.000010 0.000010 0.000010
0.000010 0.000010 0.000010 0.000010 0.548629 0.000010 0.028841 0.422440 0.000010 0.000010 0.000010 0.000010
0.000010 0.000010 0.000010 0.999890 0.000010 0.000010 0.000010 0.000010 0.000010 0.000010 0.000010 0.000010
0.000010 0.484179 0.000010 0.000010 0.515721 0.000010 0.000010 0.000010 0.000010 0.000010 0.000010 0.000010
0.000010 0.000010 0.000010 0.000010 0.000010 0.000010 0.000010 0.000010 0.000010 0.000010 0.694901 0.304999
0.000010 0.000010 0.000010 0.000010 0.000010 0.409277 0.000010 0.000010 0.000010 0.000010 0.000010 0.590623
0.000010 0.000010 0.000010 0.000010 0.000010 0.324186 0.000010 0.000010 0.000010 0.000010 0.471108 0.204616
0.000010 0.000010 0.000010 0.000010 0.000013 0.661889 0.000013 0.000010 0.000010 0.000010 0.338005 0.000010
0.000010 0.000010 0.000010 0.000010 0.000010 0.403379 0.000010 0.000010 0.000010 0.000010 0.000010 0.596521
0.000010 0.000010 0.000010 0.000010 0.000010 0.000010 0.543932 0.000010 0.000010 0.000010 0.455968 0.000010
0.000010 0.000010 0.010999 0.000010 0.000019 0.137971 0.557116 0.000010 0.000010 0.000010 0.045431 0.248403
0.000010 0.000010 0.000010 0.000010 0.000010 0.087289 0.549960 0.000010 0.000010 0.000010 0.362661 0.000010
0.000010 0.000010 0.000010 0.000010 0.000010 0.004543 0.483017 0.188907 0.000010 0.000010 0.060435 0.263027
0.000010 0.000010 0.000010 0.000010 0.000010 0.000010 0.550092 0.000010 0.000010 0.000010 0.449808 0.000010
0.000010 0.000010 0.000010 0.000010 0.000010 0.206371 0.550341 0.000010 0.000010 0.000010 0.186094 0.057113
0.000010 0.481764 0.000010 0.000010 0.000010 0.000010 0.518136 0.000010 0.000010 0.000010 0.000010 0.000010
0.000010 0.000010 0.024070 0.000010 0.000010 0.000010 0.000010 0.000010 0.423768 0.000010 0.152623 0.399459
0.000010 0.516436 0.000010 0.000010 0.000010 0.348546 0.000010 0.000010 0.000010 0.000010 0.000010 0.134928
0.000010 0.000010 0.000010 0.000010 0.000010 0.432947 0.000010 0.000010 0.000010 0.000010 0.000010 0.566953
0.000010 0.000010 0.000010 0.000010 0.000010 0.153186 0.000010 0.067311 0.346142 0.017111 0.328649 0.087541
0.000010 0.000010 0.000010 0.000010 0.000010 0.000010 0.551830 0.000010 0.000010 0.000010 0.000010 0.448070
0.000010 0.000010 0.000010 0.000010 0.000010 0.000010 0.553120 0.000010 0.000010 0.000010 0.000010 0.446780
0.000010 0.000010 0.000010 0.000010 0.000010 0.301279 0.515261 0.000010 0.000010 0.000010 0.000010 0.183370
0.000010 0.000010 0.000010 0.000010 0.000010 0.111367 0.530501 0.000010 0.000010 0.000010 0.000010 0.358042
0.000010 0.000010 0.000010 0.000010 0.000010 0.097093 0.519814 0.000010 0.000010 0.000010 0.383003 0.000010
0.000010 0.000010 0.000014 0.000010 0.000010 0.000010 0.524927 0.000010 0.448748 0.026231 0.000010 0.000010
0.000010 0.000010 0.000010 0.000013 0.000010 0.000012 0.533298 0.000010 0.466587 0.000019 0.000010 0.000010
0.000010 0.000010 0.000010 0.000010 0.000010 0.000010 0.547561 0.000010 0.452339 0.000010 0.000010 0.000010
0.000010 0.000010 0.018496 0.000010 0.000010 0.156285 0.000010 0.074596 0.750543 0.000010 0.000010 0.000010
0.000010 0.000010 0.000010 0.000010 0.000010 0.000010 0.000010 0.000010 0.999890 0.000010 0.000010 0.000010
0.000010 0.000010 0.000010 0.000010 0.000011 0.000010 0.000013 0.000010 0.964911 0.034985 0.000010 0.000010
0.000010 0.000010 0.000010 0.000010 0.000010 0.000010 0.000010 0.000010 0.999890 0.000010 0.000010 0.000010
0.000010 0.000010 0.000010 0.000010 0.000010 0.000010 0.000010 0.000010 0.999890 0.000010 0.000010 0.000010
0.000010 0.000010 0.000010 0.000010 0.066055 0.000010 0.000010 0.000010 0.933845 0.000010 0.000010 0.000010
0.413439 0.145961 0.022898 0.000010 0.000012 0.000010 0.000010 0.028030 0.313497 0.076110 0.000013 0.000010
0.999890 0.000010 0.000010 0.000010 0.000010 0.000010 0.000010 0.000010 0.000010 0.000010 0.000010 0.000010
0.036952 0.398942 0.069562 0.000010 0.000010 0.000010 0.000010 0.494464 0.000010 0.000010 0.000010 0.000010
0.298582 0.280517 0.000010 0.000010 0.000010 0.000010 0.000015 0.420806 0.000010 0.000010 0.000010 0.000010
0.000010 0.000010 0.015504 0.000010 0.008496 0.000010 0.576154 0.313428 0.086347 0.000010 0.000010 0.000010
0.000011 0.500667 0.000010 0.000010 0.000010 0.000010 0.000010 0.499233 0.000010 0.000010 0.000010 0.000010
0.000010 0.000010 0.000010 0.999886 0.000010 0.000010 0.000010 0.000010 0.000010 0.000014 0.000010 0.000010
0.000010 0.000010 0.000010 0.325929 0.000017 0.000010 0.000010 0.000010 0.000010 0.673964 0.000010 0.000010
0.000010 0.000010 0.000010 0.000010 0.000010 0.000010 0.000010 0.000010 0.000010 0.999890 0.000010 0.000010
0.488478 0.000010 0.511422 0.000010 0.000010 0.000010 0.000010 0.000010 0.000010 0.000010 0.000010 0.000010
0.546837 0.453063 0.000010 0.000010 0.000010 0.000010 0.000010 0.000010 0.000010 0.000010 0.000010 0.000010
0.999890 0.000010 0.000010 0.000010 0.000010 0.000010 0.000010 0.000010 0.000010 0.000010 0.000010 0.000010
0.145100 0.322937 0.531873 0.000010 0.000010 0.000010 0.000010 0.000010 0.000010 0.000010 0.000010 0.000010
0.073800 0.384533 0.541577 0.000010 0.000010 0.000010 0.000010 0.000010 0.000010 0.000010 0.000010 0.000010
0.000010 0.000010 0.999890 0.000010 0.000010 0.000010 0.000010 0.000010 0.000010 0.000010 0.000010 0.000010
0.000010 0.000010 0.000010 0.999890 0.000010 0.000010 0.000010 0.000010 0.000010 0.000010 0.000010 0.000010
0.495666 0.000010 0.000010 0.000010 0.504234 0.000010 0.000010 0.000010 0.000010 0.000010 0.000010 0.000010
0.517133 0.482749 0.000010 0.000010 0.000018 0.000010 0.000010 0.000010 0.000010 0.000010 0.000019 0.000010
0.000010 0.000010 0.041360 0.000014 0.000010 0.000010 0.574122 0.000010 0.384425 0.000010 0.000010 0.000010
0.591948 0.407949 0.000013 0.000010 0.000010 0.000010 0.000010 0.000010 0.000010 0.000010 0.000010 0.000010
0.000010 0.000010 0.000010 0.000010 0.000010 0.000010 0.009444 0.542815 0.447650 0.000010 0.000010 0.000010
0.000010 0.000010 0.000010 0.000010 0.000010 0.000010 0.554779 0.445121 0.000010 0.000010 0.000010 0.000010
0.000010 0.000010 0.000010 0.000010 0.000010 0.999881 0.000010 0.000010 0.000019 0.000010 0.000010 0.000010
0.000010 0.000010 0.000010 0.000010 0.000010 0.373355 0.500250 0.000010 0.000010 0.000013 0.126302 0.000010
0.000010 0.000010 0.000010 0.000010 0.000010 0.446872 0.553028 0.000010 0.000010 0.000010 0.000010 0.000010
0.000010 0.000010 0.000010 0.000010 0.000010 0.000010 0.525808 0.000010 0.474092 0.000010 0.000010 0.000010
0.000010 0.000010 0.000010 0.000010 0.000010 0.013356 0.528837 0.000010 0.000010 0.000010 0.094928 0.362799
0.000010 0.000010 0.000010 0.000010 0.000010 0.000010 0.553787 0.000010 0.446113 0.000010 0.000010 0.000010
0.000010 0.000010 0.000010 0.000014 0.000010 0.114306 0.538751 0.000010 0.000010 0.000010 0.049796 0.297063
0.000010 0.000010 0.000010 0.000010 0.000010 0.000010 0.556296 0.000010 0.000010 0.000010 0.374222 0.069392
0.000010 0.000010 0.000010 0.000010 0.000010 0.000010 0.532965 0.000010 0.000010 0.000010 0.076421 0.390524
0.000010 0.000010 0.000010 0.000010 0.000010 0.475448 0.524452 0.000010 0.000010 0.000010 0.000010 0.000010
0.000010 0.000010 0.000010 0.000010 0.000010 0.280581 0.000010 0.000010 0.000010 0.000010 0.000010 0.719319
0.000010 0.000010 0.000010 0.000010 0.000010 0.592959 0.000010 0.000010 0.000010 0.000010 0.406941 0.000010
0.000010 0.000010 0.000010 0.000010 0.088996 0.412200 0.000010 0.000010 0.000010 0.000010 0.218985 0.279739
0.000010 0.000010 0.000010 0.000010 0.000010 0.000010 0.536379 0.000010 0.000010 0.000010 0.000010 0.463521
0.000010 0.000010 0.000010 0.000010 0.000010 0.027199 0.531090 0.000010 0.000010 0.000010 0.331990 0.109641
0.000010 0.000010 0.000010 0.000010 0.000010 0.000010 0.548774 0.000010 0.000010 0.000010 0.451126 0.000010
0.000010 0.000010 0.000010 0.000010 0.000010 0.000010 0.559646 0.000010 0.000010 0.000010 0.000010 0.440254
0.000010 0.000010 0.003136 0.000010 0.263640 0.000010 0.000010 0.000010 0.374356 0.000010 0.000010 0.358787
0.000010 0.000010 0.000010 0.527131 0.000010 0.000010 0.000010 0.000010 0.000010 0.472769 0.000010 0.000010
0.000010 0.000010 0.000010 0.477908 0.000010 0.000010 0.000010 0.000010 0.521992 0.000010 0.000010 0.000010
0.000010 0.000010 0.000010 0.000010 0.000010 0.000010 0.000010 0.000010 0.000010 0.999890 0.000010 0.000010
0.000010 0.000010 0.000018 0.310065 0.000010 0.000019 0.000015 0.000010 0.010791 0.679032 0.000010 0.000010
0.000010 0.000010 0.000010 0.726900 0.000010 0.000010 0.000011 0.000010 0.272999 0.000010 0.000010 0.000010
0.000010 0.000010 0.000010 0.000010 0.000010 0.593986 0.000010 0.000010 0.405914 0.000010 0.000010 0.000010
0.000010 0.000010 0.000010 0.000010 0.000010 0.060988 0.000010 0.000010 0.000010 0.000010 0.586338 0.352584
0.000010 0.000010 0.000010 0.000010 0.000010 0.461725 0.000010 0.000010 0.000010 0.000010 0.000010 0.538175
0.000010 0.000010 0.008629 0.000010 0.000010 0.084250 0.128116 0.143816 0.149740 0.000010 0.485388 0.000010
0.000010 0.000010 0.000010 0.000010 0.000010 0.627501 0.000010 0.000010 0.000010 0.000010 0.286980 0.085429
0.000010 0.000010 0.000010 0.000010 0.000010 0.839514 0.000010 0.000010 0.000010 0.000010 0.160386 0.000010
0.000010 0.000010 0.000010 0.000010 0.000010 0.344684 0.000010 0.000010 0.000010 0.000010 0.000010 0.655216
0.000010 0.000010 0.000010 0.000010 0.000010 0.000010 0.000010 0.000010 0.146955 0.000010 0.000010 0.852945
0.000010 0.000010 0.000010 0.000010 0.000010 0.000010 0.000010 0.000010 0.000010 0.000010 0.000010 0.999890
0.000010 0.000010 0.000010 0.000010 0.000010 0.000010 0.000010 0.000010 0.000010 0.000010 0.000010 0.999890
0.000010 0.000010 0.000010 0.000010 0.000010 0.000010 0.000010 0.000010 0.058824 0.000010 0.941076 0.000010
0.000010 0.000010 0.000010 0.000010 0.000010 0.000010 0.000010 0.000010 0.000010 0.000010 0.392398 0.607502
0.000010 0.000010 0.000010 0.000010 0.000010 0.000010 0.000010 0.378409 0.000010 0.000010 0.000010 0.621491
0.000010 0.577907 0.000010 0.000010 0.000010 0.000010 0.000010 0.037927 0.384076 0.000010 0.000010 0.000010
0.502476 0.497424 0.000010 0.000010 0.000010 0.000010 0.000010 0.000010 0.000010 0.000010 0.000010 0.000010
0.686191 0.313709 0.000010 0.000010 0.000010 0.000010 0.000010 0.000010 0.000010 0.000010 0.000010 0.000010
0.000010 0.000010 0.023673 0.000010 0.000010 0.000010 0.000010 0.605278 0.359916 0.011053 0.000010 0.000010
0.000010 0.999875 0.000010 0.000018 0.000017 0.000010 0.000010 0.000010 0.000010 0.000010 0.000011 0.000010
0.000010 0.569229 0.000010 0.000010 0.000010 0.000016 0.000010 0.430665 0.000010 0.000010 0.000010 0.000010
0.040776 0.481430 0.000010 0.000010 0.000010 0.000010 0.000010 0.477704 0.000010 0.000010 0.000010 0.000010
0.000010 0.000010 0.000011 0.000010 0.000010 0.000010 0.000010 0.999887 0.000011 0.000010 0.000010 0.000010
0.000010 0.000010 0.000010 0.000010 0.000010 0.000010 0.125174 0.874726 0.000010 0.000010 0.000010 0.000010
0.502586 0.000010 0.000015 0.000010 0.000010 0.000010 0.000010 0.497309 0.000010 0.000010 0.000010 0.000010
0.000010 0.000010 0.200340 0.000010 0.000010 0.000010 0.000010 0.799557 0.000013 0.000010 0.000010 0.000010
0.164876 0.407120 0.003379 0.000010 0.000010 0.053432 0.000010 0.140905 0.056300 0.000010 0.000010 0.173939
0.493687 0.000010 0.000010 0.000010 0.000010 0.000010 0.000010 0.506213 0.000010 0.000010 0.000010 0.000010
0.879617 0.120277 0.000010 0.000010 0.000010 0.000010 0.000010 0.000010 0.000010 0.000015 0.000010 0.000010
0.804689 0.195192 0.000010 0.000010 0.000015 0.000014 0.000010 0.000020 0.000010 0.000010 0.000010 0.000010
0.348811 0.651078 0.000010 0.000010 0.000014 0.000010 0.000014 0.000010 0.000010 0.000014 0.000010 0.000010
0.999890 0.000010 0.000010 0.000010 0.000010 0.000010 0.000010 0.000010 0.000010 0.000010 0.000010 0.000010
0.000010 0.999884 0.000016 0.000010 0.000010 0.000010 0.000010 0.000010 0.000010 0.000010 0.000010 0.000010
0.000010 0.999887 0.000010 0.000010 0.000010 0.000010 0.000010 0.000010 0.000010 0.000010 0.000013 0.000010
0.000010 0.999890 0.000010 0.000010 0.000010 0.000010 0.000010 0.000010 0.000010 0.000010 0.000010 0.000010
