0.000016 0.000010 0.999943 0.000011 0.000010 0.000010
0.483027 0.000010 0.000010 0.000010 0.000010 0.516933
0.000010 0.000010 0.939897 0.000010 0.000010 0.060063
0.000010 0.000010 0.923545 0.000010 0.021271 0.055154
0.000010 0.000010 0.474440 0.000010 0.000010 0.525520
0.000010 0.000010 0.999950 0.000010 0.000010 0.000010
0.000010 0.000010 0.999950 0.000010 0.000010 0.000010
0.443660 0.000010 0.556298 0.000011 0.000010 0.000010
0.000010 0.000010 0.298509 0.000010 0.701451 0.000010
0.000010 0.000010 0.999950 0.000010 0.000010 0.000010
0.000010 0.492653 0.491751 0.000010 0.000010 0.015566
0.488480 0.000010 0.511480 0.000010 0.000010 0.000010
0.999949 0.000010 0.000011 0.000010 0.000010 0.000010
0.498081 0.000010 0.501877 0.000012 0.000010 0.000010
0.000010 0.505556 0.494404 0.000010 0.000010 0.000010
0.503866 0.496094 0.000010 0.000010 0.000010 0.000010
0.498065 0.000010 0.501895 0.000010 0.000010 0.000010
0.000010 0.510651 0.489309 0.000010 0.000010 0.000010
0.000010 0.030134 0.631912 0.000010 0.337923 0.000010
0.000010 0.000012 0.836395 0.000010 0.084645 0.078927
0.480886 0.000010 0.507019 0.000010 0.012065 0.000010
0.509508 0.000010 0.490452 0.000010 0.000010 0.000010
0.000010 0.000010 0.999950 0.000010 0.000010 0.000010
0.000010 0.000010 0.999950 0.000010 0.000010 0.000010
0.506705 0.000010 0.493255 0.000010 0.000010 0.000010
0.000010 0.492057 0.503567 0.000011 0.000010 0.004345
0.490805 0.509155 0.000010 0.000010 0.000010 0.000010
0.000011 0.212870 0.471379 0.000010 0.283575 0.032155
0.000010 0.217666 0.773190 0.000010 0.000010 0.009113
0.000010 0.504960 0.494999 0.000011 0.000010 0.000010
0.000010 0.000010 0.503874 0.000010 0.496086 0.000010
0.000010 0.502622 0.000011 0.000010 0.497337 0.000010
0.000016 0.000010 0.999936 0.000018 0.000010 0.000010
0.504607 0.000010 0.495353 0.000010 0.000010 0.000010
0.000013 0.499329 0.476782 0.000011 0.023854 0.000010
0.487882 0.000010 0.512078 0.000010 0.000010 0.000010
0.000010 0.497663 0.502297 0.000010 0.000010 0.000010
0.000010 0.502790 0.497168 0.000010 0.000012 0.000010
0.000013 0.503057 0.496894 0.000016 0.000010 0.000010
0.000010 0.504002 0.495958 0.000010 0.000010 0.000010
0.000010 0.506099 0.493861 0.000010 0.000010 0.000010
0.528118 0.000010 0.471842 0.000010 0.000010 0.000010
0.000014 0.000010 0.999946 0.000010 0.000010 0.000010
0.502245 0.000010 0.497715 0.000010 0.000010 0.000010
0.000010 0.491894 0.000010 0.000010 0.508066 0.000010
0.000010 0.999950 0.000010 0.000010 0.000010 0.000010
0.498037 0.501923 0.000010 0.000010 0.000010 0.000010
0.000010 0.501167 0.498793 0.000010 0.000010 0.000010
0.860941 0.000010 0.000010 0.000010 0.139019 0.000010
0.000010 0.000010 0.999950 0.000010 0.000010 0.000010
0.000018 0.000010 0.999941 0.000011 0.000010 0.000010
0.000010 0.000010 0.464174 0.000010 0.535786 0.000010
0.000010 0.000010 0.000010 0.000010 0.509406 0.490554
0.000010 0.000010 0.000010 0.000010 0.506853 0.493107
0.538536 0.000010 0.449173 0.000010 0.012262 0.000010
0.537362 0.000010 0.450337 0.000010 0.012272 0.000010
0.483425 0.000010 0.000010 0.000010 0.000010 0.516535
0.505180 0.000010 0.000010 0.000010 0.000010 0.494780
0.495089 0.000010 0.484663 0.000012 0.000010 0.020217
0.000011 0.000010 0.999949 0.000010 0.000010 0.000010
0.000010 0.000010 0.999950 0.000010 0.000010 0.000010
0.000010 0.000010 0.999950 0.000010 0.000010 0.000010
0.000010 0.000010 0.999950 0.000010 0.000010 0.000010
0.000010 0.000010 0.154950 0.000010 0.845010 0.000010
0.000010 0.000010 0.405259 0.594701 0.000010 0.000010
0.000010 0.506418 0.156054 0.000010 0.337498 0.000010
0.999940 0.000010 0.000018 0.000010 0.000012 0.000010
0.970353 0.000010 0.000015 0.000010 0.029602 0.000010
0.999950 0.000010 0.000010 0.000010 0.000010 0.000010
0.999950 0.000010 0.000010 0.000010 0.000010 0.000010
0.999950 0.000010 0.000010 0.000010 0.000010 0.000010
0.487984 0.000010 0.000010 0.000010 0.000010 0.511976
0.469210 0.000010 0.000010 0.000010 0.000010 0.530750
0.474219 0.000010 0.000010 0.000010 0.002651 0.523100
0.413417 0.000010 0.000010 0.000010 0.066417 0.520136
0.480393 0.000010 0.000010 0.000010 0.000010 0.519567
0.402035 0.000010 0.000010 0.000010 0.083077 0.514859
0.000010 0.499116 0.000010 0.000010 0.000010 0.500844
0.274198 0.000010 0.505323 0.000010 0.220449 0.000010
0.495965 0.503988 0.000010 0.000010 0.000017 0.000010
0.814249 0.000010 0.000010 0.000010 0.185711 0.000010
0.481164 0.000010 0.488355 0.000010 0.028763 0.001698
0.479865 0.000010 0.000010 0.000011 0.000010 0.520094
0.467604 0.000010 0.000010 0.000010 0.000010 0.532356
0.487766 0.000010 0.000017 0.000010 0.000010 0.512187
0.495121 0.000010 0.000010 0.000010 0.000010 0.504839
0.452556 0.000010 0.000010 0.000010 0.000010 0.547404
0.000010 0.000010 0.482860 0.000010 0.000010 0.517100
0.000010 0.000010 0.457328 0.000010 0.000010 0.542632
0.000010 0.000010 0.469916 0.000010 0.000010 0.530044
0.000010 0.000010 0.915741 0.084219 0.000010 0.000010
0.000011 0.000010 0.999948 0.000011 0.000010 0.000010
0.000010 0.000010 0.999950 0.000010 0.000010 0.000010
0.000010 0.000010 0.999949 0.000011 0.000010 0.000010
0.000010 0.000010 0.999950 0.000010 0.000010 0.000010
0.000010 0.000010 0.999950 0.000010 0.000010 0.000010
0.000010 0.500532 0.416660 0.000010 0.064497 0.018291
0.000010 0.999950 0.000010 0.000010 0.000010 0.000010
0.000010 0.495642 0.000010 0.000010 0.504318 0.000010
0.000010 0.502972 0.000010 0.000010 0.496988 0.000010
0.000010 0.000010 0.396402 0.000010 0.480601 0.122968
0.000011 0.497572 0.000010 0.000010 0.502387 0.000010
0.000010 0.000010 0.806671 0.193289 0.000010 0.000010
0.000010 0.000010 0.411172 0.588788 0.000010 0.000010
0.000010 0.000010 0.000010 0.999950 0.000010 0.000010
0.000010 0.801227 0.198733 0.000010 0.000010 0.000010
0.000010 0.999949 0.000010 0.000010 0.000011 0.000010
0.000010 0.676151 0.323809 0.000010 0.000010 0.000010
0.000010 0.751754 0.248200 0.000010 0.000016 0.000010
0.000010 0.801161 0.198798 0.000012 0.000010 0.000010
0.000010 0.593602 0.406358 0.000010 0.000010 0.000010
0.000010 0.000010 0.526458 0.473502 0.000010 0.000010
0.000010 0.554523 0.126421 0.000010 0.319026 0.000010
0.000010 0.999950 0.000010 0.000010 0.000010 0.000010
0.000010 0.000010 0.466825 0.000010 0.000010 0.533135
0.000010 0.999944 0.000010 0.000010 0.000016 0.000010
0.000010 0.000010 0.503648 0.000010 0.496312 0.000010
0.000010 0.000010 0.338859 0.000010 0.055098 0.606013
0.999945 0.000010 0.000015 0.000010 0.000010 0.000010
0.485948 0.000010 0.000010 0.000010 0.000010 0.514012
0.410860 0.000010 0.000010 0.000010 0.077096 0.512014
0.000010 0.000010 0.477831 0.000010 0.000010 0.522129
0.484464 0.000010 0.000010 0.000010 0.000010 0.515496
0.000010 0.000010 0.466708 0.000010 0.000010 0.533252
0.471768 0.000010 0.000010 0.000010 0.000010 0.528192
0.484007 0.000010 0.000012 0.000010 0.000010 0.515951
0.461746 0.000010 0.000013 0.000010 0.015928 0.522292
0.475447 0.000010 0.000010 0.000010 0.000010 0.524513
0.999946 0.000010 0.000010 0.000010 0.000014 0.000010
0.999948 0.000010 0.000010 0.000010 0.000012 0.000010
0.999945 0.000010 0.000013 0.000010 0.000012 0.000010
0.492239 0.000010 0.000010 0.000010 0.000010 0.507721
0.484269 0.000010 0.000010 0.000010 0.000010 0.515691
0.487638 0.000010 0.000010 0.000010 0.000010 0.512322
0.488927 0.000010 0.000010 0.000010 0.000010 0.511033
0.466823 0.000010 0.533137 0.000010 0.000010 0.000010
0.000017 0.000010 0.434947 0.565006 0.000010 0.000010
0.000010 0.000010 0.000010 0.999950 0.000010 0.000010
0.000010 0.000010 0.424467 0.575493 0.000010 0.000010
0.000010 0.000010 0.000010 0.999950 0.000010 0.000010
0.000010 0.000010 0.000010 0.999950 0.000010 0.000010
0.999950 0.000010 0.000010 0.000010 0.000010 0.000010
0.999947 0.000010 0.000010 0.000011 0.000012 0.000010
0.999950 0.000010 0.000010 0.000010 0.000010 0.000010
0.494827 0.000010 0.388103 0.000010 0.069948 0.047103
0.999950 0.000010 0.000010 0.000010 0.000010 0.000010
0.999941 0.000010 0.000010 0.000010 0.000019 0.000010
0.999948 0.000010 0.000010 0.000010 0.000012 0.000010
0.999950 0.000010 0.000010 0.000010 0.000010 0.000010
0.999947 0.000010 0.000013 0.000010 0.000010 0.000010
0.999947 0.000010 0.000010 0.000010 0.000013 0.000010
0.999950 0.000010 0.000010 0.000010 0.000010 0.000010
0.991658 0.000010 0.000010 0.000010 0.008302 0.000010
0.500121 0.000010 0.000013 0.000011 0.499835 0.000010
0.000010 0.530594 0.469366 0.000010 0.000010 0.000010
0.000010 0.999947 0.000010 0.000010 0.000013 0.000010
0.000010 0.999950 0.000010 0.000010 0.000010 0.000010
0.000016 0.000010 0.492035 0.000010 0.507919 0.000010
0.000010 0.999945 0.000010 0.000010 0.000015 0.000010
0.000010 0.202539 0.229943 0.000010 0.567487 0.000010
0.000010 0.502154 0.000019 0.000012 0.497795 0.000010
0.000010 0.000010 0.000010 0.000010 0.999950 0.000010
0.000010 0.000010 0.396052 0.000010 0.567662 0.036256
0.000013 0.486537 0.000010 0.000010 0.513419 0.000010
0.000010 0.000019 0.000010 0.000010 0.999941 0.000010
0.000010 0.999950 0.000010 0.000010 0.000010 0.000010
0.000010 0.493357 0.000018 0.000010 0.506595 0.000010
0.000010 0.999944 0.000010 0.000010 0.000016 0.000010
0.000010 0.999941 0.000010 0.000010 0.000019 0.000010
0.000010 0.999948 0.000010 0.000010 0.000012 0.000010
0.000010 0.999950 0.000010 0.000010 0.000010 0.000010
0.000010 0.999950 0.000010 0.000010 0.000010 0.000010
0.000010 0.999947 0.000010 0.000010 0.000013 0.000010
0.000010 0.999944 0.000010 0.000010 0.000016 0.000010
