0.000010 0.999920 0.000010 0.000010 0.000010 0.000010 0.000010 0.000010 0.000010
0.000010 0.000010 0.303194 0.000011 0.000015 0.000010 0.000010 0.509946 0.186793
0.000010 0.096757 0.000010 0.903172 0.000010 0.000011 0.000010 0.000010 0.000010
0.000010 0.067549 0.000010 0.925121 0.000010 0.000010 0.000010 0.007270 0.000010
0.000010 0.000010 0.000010 0.498664 0.000010 0.000010 0.000010 0.501266 0.000010
0.000010 0.999920 0.000010 0.000010 0.000010 0.000010 0.000010 0.000010 0.000010
0.000010 0.999920 0.000010 0.000010 0.000010 0.000010 0.000010 0.000010 0.000010
0.000010 0.000010 0.492265 0.507665 0.000010 0.000010 0.000010 0.000010 0.000010
0.000010 0.000010 0.000010 0.459374 0.516611 0.000010 0.000010 0.023955 0.000010
0.000010 0.000015 0.000010 0.993818 0.000010 0.000010 0.000010 0.006108 0.000010
0.000010 0.022421 0.000010 0.473001 0.000010 0.000010 0.504517 0.000010 0.000010
0.000010 0.000010 0.000010 0.496841 0.000010 0.000010 0.000010 0.000010 0.503089
0.000014 0.000010 0.889495 0.000010 0.000010 0.000010 0.000010 0.000010 0.110431
0.000014 0.049170 0.167992 0.458191 0.000010 0.000010 0.000010 0.000010 0.324593
0.000010 0.000010 0.000010 0.497013 0.000010 0.000010 0.502917 0.000010 0.000010
0.000010 0.000010 0.267360 0.000010 0.000010 0.000010 0.501539 0.000010 0.231041
0.000010 0.000010 0.000010 0.499875 0.000010 0.000010 0.000010 0.000010 0.500055
0.000010 0.000010 0.000010 0.502395 0.000010 0.000010 0.497535 0.000010 0.000010
0.584620 0.000010 0.000010 0.415310 0.000010 0.000010 0.000010 0.000010 0.000010
0.000010 0.000010 0.000010 0.947161 0.000010 0.000010 0.000010 0.052769 0.000010
0.000010 0.035647 0.078863 0.465288 0.000010 0.000010 0.000010 0.000010 0.420151
0.000012 0.056508 0.501890 0.440819 0.000010 0.000010 0.000010 0.000732 0.000010
0.000010 0.000010 0.000010 0.999920 0.000010 0.000010 0.000010 0.000010 0.000010
0.000010 0.000010 0.000010 0.996817 0.000010 0.000010 0.000010 0.003113 0.000010
0.000010 0.034900 0.335543 0.467838 0.000010 0.000010 0.000010 0.000010 0.161669
0.000010 0.000018 0.000010 0.496292 0.000010 0.000010 0.499134 0.004507 0.000010
0.000010 0.000010 0.497333 0.000010 0.000010 0.000010 0.502597 0.000010 0.000010
0.004499 0.000010 0.000010 0.451327 0.000010 0.000010 0.507986 0.036138 0.000010
0.000010 0.001331 0.000010 0.499728 0.000010 0.000010 0.498882 0.000010 0.000010
0.000010 0.000010 0.000010 0.498259 0.000010 0.000010 0.501667 0.000014 0.000010
0.000010 0.000010 0.000010 0.500935 0.498995 0.000010 0.000010 0.000010 0.000010
0.000010 0.000010 0.000010 0.000010 0.501107 0.000010 0.498823 0.000010 0.000010
0.000010 0.038882 0.000010 0.961047 0.000010 0.000010 0.000010 0.000010 0.000010
0.000010 0.000010 0.000010 0.500362 0.000010 0.000010 0.000010 0.000010 0.499568
0.000010 0.000010 0.000010 0.498063 0.000011 0.000010 0.501866 0.000010 0.000010
0.000010 0.000010 0.499603 0.500327 0.000010 0.000010 0.000010 0.000010 0.000010
0.000010 0.000010 0.000010 0.498095 0.000010 0.000010 0.501835 0.000010 0.000010
0.000010 0.000010 0.000010 0.502734 0.000010 0.000010 0.497196 0.000010 0.000010
0.000010 0.000010 0.000010 0.505054 0.000010 0.000010 0.494876 0.000010 0.000010
0.000010 0.000010 0.000010 0.498965 0.000010 0.000010 0.500965 0.000010 0.000010
0.000010 0.000010 0.000010 0.496325 0.000010 0.000010 0.503605 0.000010 0.000010
0.000010 0.091599 0.000010 0.393058 0.000010 0.000010 0.000010 0.009730 0.505563
0.000010 0.000010 0.000010 0.999920 0.000010 0.000010 0.000010 0.000010 0.000010
0.000010 0.053533 0.495117 0.451289 0.000010 0.000010 0.000010 0.000010 0.000010
0.000010 0.000010 0.000010 0.000010 0.498511 0.000010 0.501419 0.000010 0.000010
0.000010 0.000010 0.000010 0.000010 0.000010 0.000010 0.999920 0.000010 0.000010
0.000010 0.000010 0.496103 0.000010 0.000010 0.000010 0.503827 0.000010 0.000010
0.000010 0.029206 0.000010 0.467691 0.000010 0.000010 0.503043 0.000010 0.000010
0.000010 0.000010 0.757284 0.000010 0.242646 0.000010 0.000010 0.000010 0.000010
0.000010 0.000010 0.000010 0.999920 0.000010 0.000010 0.000010 0.000010 0.000010
0.000010 0.000019 0.000010 0.999911 0.000010 0.000010 0.000010 0.000010 0.000010
0.000010 0.000010 0.000010 0.491883 0.508047 0.000010 0.000010 0.000010 0.000010
0.000010 0.000010 0.000010 0.000010 0.503160 0.000010 0.000010 0.496770 0.000010
0.000010 0.000010 0.000017 0.000010 0.502230 0.000010 0.000010 0.497694 0.000010
0.000010 0.000010 0.000010 0.487325 0.000010 0.000010 0.000010 0.000010 0.512605
0.000010 0.000010 0.000010 0.488168 0.000010 0.000010 0.000010 0.000010 0.511762
0.000010 0.000010 0.496441 0.000010 0.000010 0.000010 0.000010 0.503489 0.000010
0.000010 0.000012 0.503326 0.000011 0.000010 0.000010 0.000010 0.496602 0.000010
0.000010 0.000010 0.086829 0.511802 0.000010 0.000010 0.000010 0.000010 0.401309
0.000014 0.000010 0.000015 0.999910 0.000010 0.000010 0.000010 0.000010 0.000010
0.000010 0.131358 0.000018 0.868564 0.000010 0.000010 0.000010 0.000010 0.000010
0.000010 0.000010 0.000010 0.999920 0.000010 0.000010 0.000010 0.000010 0.000010
0.000010 0.000010 0.000010 0.999919 0.000010 0.000010 0.000010 0.000011 0.000010
0.513924 0.000010 0.000010 0.000010 0.486006 0.000010 0.000010 0.000010 0.000010
0.000010 0.000010 0.000010 0.749845 0.000010 0.250085 0.000010 0.000010 0.000010
0.527088 0.000010 0.000010 0.000010 0.000010 0.000010 0.472842 0.000010 0.000010
0.000010 0.000010 0.999920 0.000010 0.000010 0.000010 0.000010 0.000010 0.000010
0.000016 0.000010 0.539355 0.000012 0.000010 0.000018 0.000010 0.000010 0.460559
0.000010 0.000010 0.999920 0.000010 0.000010 0.000010 0.000010 0.000010 0.000010
0.000012 0.000010 0.999918 0.000011 0.000010 0.000010 0.000010 0.000010 0.000010
0.000011 0.000010 0.436932 0.000017 0.000013 0.000010 0.000010 0.000010 0.562987
0.000010 0.000010 0.491785 0.000010 0.000016 0.000010 0.000010 0.508139 0.000010
0.000010 0.000010 0.000010 0.000010 0.000010 0.000010 0.000010 0.503554 0.496376
0.000010 0.000010 0.492969 0.000010 0.000010 0.000010 0.000010 0.506961 0.000010
0.000010 0.000010 0.202265 0.000010 0.000014 0.000010 0.000010 0.508137 0.289533
0.000010 0.000010 0.492990 0.000010 0.000010 0.000010 0.000010 0.506940 0.000010
0.000010 0.000016 0.351229 0.000010 0.000010 0.000012 0.000010 0.503982 0.144721
0.000010 0.000010 0.000010 0.000010 0.000010 0.000010 0.500406 0.499524 0.000010
0.000010 0.000010 0.000010 0.487896 0.111661 0.000010 0.000010 0.000010 0.400383
0.000010 0.000010 0.498368 0.000010 0.000010 0.000010 0.501562 0.000010 0.000010
0.000010 0.000010 0.000010 0.000010 0.055234 0.000010 0.000010 0.000010 0.944696
0.000010 0.009881 0.000010 0.488057 0.000010 0.000010 0.000010 0.000010 0.502002
0.000010 0.000010 0.000010 0.000010 0.000010 0.000010 0.000010 0.507090 0.492840
0.000010 0.000010 0.479639 0.000010 0.000010 0.000010 0.000010 0.513466 0.006834
0.000010 0.000010 0.000010 0.000010 0.000010 0.000010 0.000010 0.504884 0.495046
0.000010 0.000010 0.416603 0.000010 0.000010 0.000010 0.000010 0.510447 0.072889
0.000010 0.000010 0.493590 0.000010 0.000010 0.000010 0.000010 0.506340 0.000010
0.000010 0.000010 0.000010 0.502115 0.000010 0.000010 0.000010 0.497815 0.000010
0.000010 0.000010 0.000010 0.461299 0.000010 0.000010 0.000010 0.538631 0.000010
0.000010 0.000010 0.000010 0.501149 0.000010 0.000010 0.000010 0.498781 0.000010
0.000010 0.000010 0.000010 0.999917 0.000013 0.000010 0.000010 0.000010 0.000010
0.000010 0.074881 0.000010 0.920278 0.000010 0.000010 0.000010 0.004781 0.000010
0.000010 0.000010 0.000012 0.999914 0.000010 0.000010 0.000014 0.000010 0.000010
0.000010 0.000010 0.000010 0.999920 0.000010 0.000010 0.000010 0.000010 0.000010
0.000010 0.000010 0.000010 0.999915 0.000010 0.000013 0.000011 0.000010 0.000010
0.000010 0.000010 0.000010 0.999920 0.000010 0.000010 0.000010 0.000010 0.000010
0.000010 0.490956 0.000010 0.000010 0.000010 0.000010 0.508974 0.000010 0.000010
0.000010 0.000010 0.000010 0.000010 0.000010 0.000010 0.999920 0.000010 0.000010
0.000010 0.000010 0.000010 0.000010 0.502435 0.000010 0.497495 0.000010 0.000010
0.000010 0.000010 0.000010 0.000010 0.495729 0.000010 0.504201 0.000010 0.000010
0.000010 0.000012 0.000010 0.501480 0.498448 0.000010 0.000010 0.000010 0.000010
0.000010 0.000010 0.000010 0.000010 0.501204 0.000010 0.498726 0.000010 0.000010
0.000010 0.000010 0.000010 0.865581 0.000010 0.134349 0.000010 0.000010 0.000010
0.000010 0.000010 0.000010 0.840598 0.000010 0.159332 0.000010 0.000010 0.000010
0.000010 0.000010 0.000010 0.000010 0.000010 0.999920 0.000010 0.000010 0.000010
0.000012 0.516081 0.000010 0.000010 0.000010 0.000010 0.483847 0.000010 0.000010
0.000010 0.000010 0.000010 0.000010 0.000010 0.000010 0.999920 0.000010 0.000010
0.000010 0.000010 0.000010 0.000010 0.000010 0.000010 0.999920 0.000010 0.000010
0.000014 0.517847 0.000010 0.000010 0.000019 0.000010 0.482070 0.000010 0.000010
0.000012 0.512653 0.000010 0.000010 0.000010 0.000010 0.487274 0.000010 0.000010
0.000010 0.999920 0.000010 0.000010 0.000010 0.000010 0.000010 0.000010 0.000010
0.000010 0.000010 0.000010 0.772359 0.000010 0.227571 0.000010 0.000010 0.000010
0.542613 0.000010 0.000010 0.000010 0.000010 0.000010 0.457317 0.000010 0.000010
0.000010 0.000010 0.000010 0.000010 0.000010 0.000010 0.999920 0.000010 0.000010
0.000010 0.000010 0.000010 0.497491 0.000010 0.000010 0.000010 0.502439 0.000010
0.000010 0.000010 0.000010 0.000010 0.000010 0.000010 0.999920 0.000010 0.000010
0.000010 0.000010 0.000010 0.497533 0.502397 0.000010 0.000010 0.000010 0.000010
0.000010 0.487376 0.000010 0.000010 0.000010 0.000010 0.000010 0.512554 0.000010
0.000010 0.000010 0.999920 0.000010 0.000010 0.000010 0.000010 0.000010 0.000010
0.000015 0.000010 0.358869 0.000010 0.000010 0.000010 0.000010 0.509848 0.131218
0.000010 0.000010 0.000010 0.000010 0.000010 0.000010 0.000010 0.506390 0.493540
0.000010 0.073292 0.000010 0.426624 0.000010 0.000010 0.000011 0.500024 0.000010
0.000010 0.000013 0.494338 0.000010 0.000013 0.000010 0.000010 0.505585 0.000010
0.000010 0.000014 0.000010 0.506499 0.000010 0.000010 0.000010 0.493427 0.000010
0.000010 0.000010 0.000010 0.000010 0.000010 0.000010 0.000010 0.512854 0.487076
0.000010 0.000010 0.000010 0.000010 0.000010 0.000010 0.000010 0.509421 0.490509
0.000010 0.000010 0.472550 0.000010 0.000011 0.000011 0.000010 0.507989 0.019399
0.000010 0.000010 0.348452 0.000010 0.000010 0.000010 0.000010 0.507469 0.144019
0.000010 0.000010 0.999920 0.000010 0.000010 0.000010 0.000010 0.000010 0.000010
0.000010 0.000010 0.000018 0.000010 0.000010 0.000010 0.000010 0.000010 0.999912
0.000010 0.000010 0.651646 0.000010 0.000017 0.000010 0.000010 0.000010 0.348277
0.000010 0.000010 0.389521 0.000010 0.000011 0.000010 0.000010 0.502352 0.108066
0.000010 0.000010 0.490677 0.000010 0.000010 0.000010 0.000010 0.509253 0.000010
0.000010 0.000010 0.491519 0.000010 0.000010 0.000010 0.000010 0.508411 0.000010
0.000010 0.000010 0.000010 0.000010 0.000010 0.000010 0.000010 0.503201 0.496729
0.000010 0.505068 0.494862 0.000010 0.000010 0.000010 0.000010 0.000010 0.000010
0.000010 0.000010 0.000010 0.771181 0.000010 0.228749 0.000010 0.000010 0.000010
0.000010 0.000010 0.000010 0.000010 0.000010 0.999920 0.000010 0.000010 0.000010
0.000010 0.000010 0.000010 0.744608 0.000010 0.255322 0.000010 0.000010 0.000010
0.000010 0.000010 0.000010 0.000010 0.000010 0.999920 0.000010 0.000010 0.000010
0.000010 0.000010 0.000010 0.000010 0.000010 0.999914 0.000010 0.000016 0.000010
0.000010 0.000010 0.448304 0.000010 0.000018 0.000010 0.000010 0.000010 0.551618
0.000010 0.000010 0.668192 0.000010 0.000010 0.000010 0.000010 0.000010 0.331738
0.000010 0.000010 0.676199 0.000010 0.000010 0.000010 0.000010 0.000010 0.323731
0.000010 0.000010 0.510756 0.489174 0.000010 0.000010 0.000010 0.000010 0.000010
0.000010 0.000010 0.999920 0.000010 0.000010 0.000010 0.000010 0.000010 0.000010
0.000010 0.000010 0.301097 0.000010 0.000010 0.000010 0.000010 0.000010 0.698833
0.000010 0.000010 0.999920 0.000010 0.000010 0.000010 0.000010 0.000010 0.000010
0.000010 0.000010 0.999917 0.000013 0.000010 0.000010 0.000010 0.000010 0.000010
0.000010 0.000010 0.588602 0.000010 0.000018 0.000010 0.000010 0.000010 0.411319
0.000014 0.000010 0.582886 0.000010 0.000010 0.000010 0.000010 0.000010 0.417040
0.000010 0.000010 0.999915 0.000010 0.000010 0.000011 0.000014 0.000010 0.000010
0.000010 0.000010 0.303452 0.000010 0.000010 0.000010 0.000010 0.000010 0.696478
0.000010 0.000010 0.499836 0.000010 0.500094 0.000010 0.000010 0.000010 0.000010
0.065415 0.000010 0.000010 0.453854 0.000010 0.000010 0.480670 0.000010 0.000010
0.000010 0.000010 0.000010 0.000010 0.000010 0.000010 0.999920 0.000010 0.000010
0.000010 0.000010 0.000010 0.000010 0.000010 0.000010 0.999920 0.000010 0.000010
0.000010 0.000010 0.000010 0.482568 0.517362 0.000010 0.000010 0.000010 0.000010
0.000010 0.000010 0.000010 0.000010 0.000010 0.000010 0.999920 0.000010 0.000010
0.000010 0.000010 0.000010 0.000010 0.496875 0.000010 0.503055 0.000010 0.000010
0.000010 0.000010 0.000010 0.000010 0.497808 0.000010 0.502122 0.000010 0.000010
0.000010 0.000016 0.000010 0.000012 0.999911 0.000012 0.000010 0.000010 0.000010
0.000010 0.000010 0.000010 0.499826 0.500104 0.000010 0.000010 0.000010 0.000010
0.000010 0.000010 0.000010 0.000010 0.504550 0.000010 0.495380 0.000010 0.000010
0.000010 0.000010 0.000010 0.000010 0.999916 0.000014 0.000010 0.000010 0.000010
0.000010 0.000010 0.000010 0.000010 0.000010 0.000010 0.999920 0.000010 0.000010
0.000010 0.000010 0.000010 0.000010 0.497559 0.000010 0.502371 0.000010 0.000010
0.000010 0.000010 0.000010 0.000010 0.000010 0.000010 0.999920 0.000010 0.000010
0.000010 0.000010 0.000010 0.000010 0.000010 0.000010 0.999920 0.000010 0.000010
0.000010 0.000010 0.000010 0.000010 0.000010 0.000010 0.999920 0.000010 0.000010
0.000010 0.000010 0.000010 0.000010 0.000010 0.000010 0.999920 0.000010 0.000010
0.000018 0.000010 0.000010 0.000010 0.000010 0.000010 0.999912 0.000010 0.000010
0.000010 0.000010 0.000010 0.000010 0.000010 0.000010 0.999920 0.000010 0.000010
0.000010 0.000010 0.000010 0.000010 0.000010 0.000010 0.999920 0.000010 0.000010
