0.000010 0.999940 0.000010 0.000010 0.000010 0.000010 0.000010
0.000016 0.000010 0.000010 0.420829 0.579116 0.000010 0.000010
0.000010 0.967338 0.000010 0.000010 0.032610 0.000012 0.000010
0.000010 0.984042 0.015622 0.000010 0.000293 0.000013 0.000010
0.000010 0.398946 0.000010 0.000010 0.601004 0.000010 0.000010
0.000010 0.999940 0.000010 0.000010 0.000010 0.000010 0.000010
0.000010 0.999935 0.000010 0.000010 0.000010 0.000015 0.000010
0.424602 0.575346 0.000010 0.000010 0.000010 0.000012 0.000010
0.000010 0.296446 0.703504 0.000010 0.000010 0.000010 0.000010
0.000010 0.999940 0.000010 0.000010 0.000010 0.000010 0.000010
0.000010 0.497551 0.000010 0.000010 0.000010 0.000010 0.502399
0.000010 0.531502 0.000010 0.468448 0.000010 0.000010 0.000010
0.000020 0.000010 0.000010 0.999930 0.000010 0.000010 0.000010
0.000014 0.520884 0.000010 0.479057 0.000010 0.000015 0.000010
0.000010 0.478619 0.000010 0.000010 0.000010 0.014651 0.506690
0.000010 0.000010 0.000010 0.494984 0.000010 0.000010 0.504966
0.478954 0.520996 0.000010 0.000010 0.000010 0.000010 0.000010
0.000010 0.490367 0.000010 0.000010 0.000010 0.000010 0.509583
0.000011 0.598700 0.394283 0.000010 0.000010 0.000010 0.006976
0.000010 0.871508 0.074244 0.000010 0.054209 0.000010 0.000010
0.473982 0.525968 0.000010 0.000010 0.000010 0.000010 0.000010
0.481473 0.518477 0.000010 0.000010 0.000010 0.000010 0.000010
0.000010 0.999935 0.000010 0.000012 0.000013 0.000010 0.000010
0.000010 0.999932 0.000010 0.000010 0.000010 0.000018 0.000010
0.000010 0.516650 0.000010 0.483299 0.000010 0.000010 0.000010
0.000010 0.497060 0.000010 0.000010 0.000010 0.000010 0.502890
0.000010 0.000010 0.000010 0.469461 0.000010 0.000010 0.530489
0.000010 0.512744 0.202910 0.000010 0.016969 0.000010 0.267347
0.000010 0.739167 0.000010 0.000010 0.000010 0.000010 0.260783
0.000010 0.492489 0.000010 0.000010 0.000010 0.000010 0.507461
0.000013 0.476632 0.523314 0.000010 0.000010 0.000010 0.000010
0.000010 0.000010 0.514888 0.000010 0.000010 0.000010 0.485062
0.000010 0.999940 0.000010 0.000010 0.000010 0.000010 0.000010
0.000010 0.515135 0.000010 0.484815 0.000010 0.000010 0.000010
0.000010 0.489587 0.000010 0.000010 0.000010 0.000010 0.510363
0.000016 0.526117 0.000010 0.473827 0.000010 0.000010 0.000010
0.000010 0.491449 0.000010 0.000010 0.000010 0.000010 0.508501
0.000010 0.481610 0.000010 0.000010 0.000780 0.010529 0.507051
0.000010 0.491562 0.000010 0.000010 0.000010 0.000010 0.508388
0.000010 0.483939 0.000010 0.000010 0.000010 0.000010 0.516011
0.000010 0.488455 0.000010 0.000010 0.000010 0.000010 0.511495
0.000010 0.495759 0.000010 0.504191 0.000010 0.000010 0.000010
0.000010 0.999940 0.000010 0.000010 0.000010 0.000010 0.000010
0.000010 0.515954 0.000010 0.483996 0.000010 0.000010 0.000010
0.000010 0.000010 0.524230 0.000010 0.000010 0.000010 0.475720
0.000010 0.000010 0.000010 0.000010 0.000010 0.000010 0.999940
0.478772 0.000010 0.000010 0.000011 0.000010 0.000010 0.521177
0.000010 0.497191 0.000010 0.000010 0.000010 0.000010 0.502759
0.943240 0.000010 0.056710 0.000010 0.000010 0.000010 0.000010
0.000010 0.999940 0.000010 0.000010 0.000010 0.000010 0.000010
0.000010 0.999940 0.000010 0.000010 0.000010 0.000010 0.000010
0.000010 0.411265 0.588685 0.000010 0.000010 0.000010 0.000010
0.000010 0.000010 0.478749 0.000010 0.521201 0.000010 0.000010
0.000010 0.000010 0.489490 0.000010 0.510460 0.000010 0.000010
0.000010 0.445377 0.000010 0.554573 0.000010 0.000010 0.000010
0.000010 0.444276 0.000010 0.555673 0.000010 0.000011 0.000010
0.453765 0.000010 0.000010 0.000010 0.546185 0.000010 0.000010
0.486358 0.000010 0.000010 0.000010 0.513592 0.000011 0.000010
0.000010 0.524308 0.000010 0.458329 0.017323 0.000010 0.000010
0.000010 0.999940 0.000010 0.000010 0.000010 0.000010 0.000010
0.000010 0.999938 0.000010 0.000010 0.000010 0.000012 0.000010
0.000010 0.999940 0.000010 0.000010 0.000010 0.000010 0.000010
0.000010 0.999940 0.000010 0.000010 0.000010 0.000010 0.000010
0.000010 0.107849 0.892101 0.000010 0.000010 0.000010 0.000010
0.000010 0.000010 0.000010 0.000010 0.000010 0.999940 0.000010
0.000015 0.141467 0.363487 0.000010 0.000010 0.000010 0.495001
0.999939 0.000010 0.000010 0.000011 0.000010 0.000010 0.000010
0.999940 0.000010 0.000010 0.000010 0.000010 0.000010 0.000010
0.000010 0.000010 0.000010 0.999939 0.000011 0.000010 0.000010
0.000010 0.000010 0.000010 0.999940 0.000010 0.000010 0.000010
0.000010 0.000010 0.000010 0.999940 0.000010 0.000010 0.000010
0.000010 0.000010 0.000010 0.422354 0.577596 0.000010 0.000010
0.000010 0.000010 0.000010 0.411272 0.588678 0.000010 0.000010
0.000010 0.000010 0.000010 0.413510 0.586440 0.000010 0.000010
0.000010 0.000010 0.000010 0.407819 0.592131 0.000010 0.000010
0.000010 0.000010 0.000010 0.414853 0.585097 0.000010 0.000010
0.000010 0.000010 0.000010 0.404588 0.595362 0.000010 0.000010
0.000012 0.000010 0.000010 0.000010 0.540593 0.000010 0.459355
0.000010 0.542066 0.103558 0.354336 0.000010 0.000010 0.000010
0.475877 0.000010 0.000010 0.000010 0.000010 0.000010 0.524073
0.935808 0.000010 0.064142 0.000010 0.000010 0.000010 0.000010
0.477093 0.522857 0.000010 0.000010 0.000010 0.000010 0.000010
0.000010 0.000010 0.000010 0.418463 0.581487 0.000010 0.000010
0.403589 0.000010 0.000010 0.000010 0.596361 0.000010 0.000010
0.000014 0.000010 0.000010 0.417066 0.582879 0.000010 0.000010
0.000010 0.000010 0.000010 0.427698 0.572252 0.000010 0.000010
0.000010 0.000010 0.000010 0.403657 0.596293 0.000010 0.000010
0.000010 0.403232 0.000010 0.000012 0.596716 0.000010 0.000010
0.000010 0.386173 0.000010 0.000010 0.613773 0.000014 0.000010
0.000010 0.398446 0.000010 0.000010 0.601504 0.000010 0.000010
0.000010 0.808341 0.000010 0.000010 0.000010 0.191609 0.000010
0.000010 0.999940 0.000010 0.000010 0.000010 0.000010 0.000010
0.000010 0.999938 0.000010 0.000010 0.000010 0.000012 0.000010
0.000011 0.999939 0.000010 0.000010 0.000010 0.000010 0.000010
0.000010 0.999940 0.000010 0.000010 0.000010 0.000010 0.000010
0.000010 0.999940 0.000010 0.000010 0.000010 0.000010 0.000010
0.000010 0.430757 0.027827 0.000010 0.020641 0.000010 0.520746
0.000010 0.000010 0.000010 0.000010 0.000010 0.000010 0.999940
0.000010 0.000010 0.521739 0.000010 0.000010 0.000010 0.478211
0.000010 0.000010 0.517960 0.000010 0.000010 0.000010 0.481990
0.000010 0.430383 0.513770 0.000010 0.055807 0.000010 0.000010
0.000010 0.000010 0.522234 0.000010 0.000010 0.000010 0.477716
0.000010 0.355337 0.000010 0.000010 0.000010 0.644613 0.000010
0.000010 0.000010 0.000010 0.000010 0.000010 0.999940 0.000010
0.000010 0.000010 0.000010 0.000010 0.000010 0.999940 0.000010
0.000010 0.152133 0.000010 0.000010 0.000010 0.000010 0.847817
0.000020 0.000010 0.000010 0.000010 0.000010 0.000010 0.999930
0.000010 0.229942 0.000010 0.000010 0.000010 0.000010 0.770008
0.000010 0.183837 0.000010 0.000010 0.000010 0.000010 0.816113
0.000010 0.156145 0.000010 0.000010 0.000010 0.000010 0.843805
0.000010 0.326270 0.000010 0.000010 0.000010 0.000010 0.673680
0.000010 0.000010 0.000010 0.000010 0.000010 0.999940 0.000010
0.000010 0.107024 0.388078 0.000010 0.000010 0.000010 0.504858
0.000010 0.000010 0.000010 0.000010 0.000010 0.000010 0.999940
0.000010 0.415680 0.000010 0.000010 0.584270 0.000010 0.000010
0.000012 0.000010 0.000010 0.000010 0.000010 0.000010 0.999937
0.000010 0.469857 0.530093 0.000010 0.000010 0.000010 0.000010
0.000010 0.346576 0.006958 0.000010 0.646427 0.000010 0.000010
0.999940 0.000010 0.000010 0.000010 0.000010 0.000010 0.000010
0.410910 0.000010 0.000010 0.000010 0.589040 0.000010 0.000010
0.397326 0.000010 0.008775 0.000010 0.593859 0.000010 0.000010
0.000010 0.405202 0.000010 0.000010 0.594748 0.000010 0.000010
0.000010 0.000010 0.000010 0.421382 0.578568 0.000010 0.000010
0.000010 0.396245 0.000010 0.000010 0.603703 0.000012 0.000010
0.000010 0.000010 0.000010 0.410354 0.589596 0.000010 0.000010
0.000010 0.000010 0.000010 0.422671 0.577279 0.000010 0.000010
0.408387 0.000010 0.000010 0.000010 0.591563 0.000010 0.000010
0.000010 0.000010 0.000010 0.415190 0.584760 0.000010 0.000010
0.000010 0.000010 0.000010 0.999940 0.000010 0.000010 0.000010
0.999940 0.000010 0.000010 0.000010 0.000010 0.000010 0.000010
0.999940 0.000010 0.000010 0.000010 0.000010 0.000010 0.000010
0.000013 0.000010 0.000010 0.422531 0.577416 0.000010 0.000010
0.000010 0.000010 0.000010 0.422432 0.577518 0.000010 0.000010
0.000010 0.000010 0.000010 0.425050 0.574900 0.000010 0.000010
0.000010 0.000010 0.000010 0.425570 0.574380 0.000010 0.000010
0.000019 0.588340 0.000010 0.411593 0.000010 0.000018 0.000010
0.000010 0.000010 0.000010 0.000010 0.000010 0.999940 0.000010
0.000010 0.000010 0.000010 0.000010 0.000010 0.999940 0.000010
0.000010 0.000010 0.000010 0.000010 0.000010 0.999940 0.000010
0.000010 0.000010 0.000010 0.000010 0.000010 0.999940 0.000010
0.000010 0.000012 0.000010 0.000010 0.000010 0.999938 0.000010
0.000010 0.000010 0.000010 0.999940 0.000010 0.000010 0.000010
0.999940 0.000010 0.000010 0.000010 0.000010 0.000010 0.000010
0.000010 0.000010 0.000010 0.999940 0.000010 0.000010 0.000010
0.000010 0.452651 0.036371 0.496857 0.014091 0.000010 0.000010
0.000019 0.000010 0.000010 0.999931 0.000010 0.000010 0.000010
0.999939 0.000010 0.000010 0.000010 0.000010 0.000011 0.000010
0.999940 0.000010 0.000010 0.000010 0.000010 0.000010 0.000010
0.000010 0.000010 0.000010 0.999940 0.000010 0.000010 0.000010
0.999940 0.000010 0.000010 0.000010 0.000010 0.000010 0.000010
0.999940 0.000010 0.000010 0.000010 0.000010 0.000010 0.000010
0.000010 0.000010 0.000010 0.999940 0.000010 0.000010 0.000010
0.999940 0.000010 0.000010 0.000010 0.000010 0.000010 0.000010
0.000011 0.000010 0.546971 0.452977 0.000010 0.000010 0.000010
0.000010 0.437299 0.000010 0.000010 0.013612 0.000010 0.549049
0.000010 0.000010 0.000020 0.000010 0.000010 0.000010 0.999930
0.000010 0.000010 0.000010 0.000010 0.000010 0.000010 0.999940
0.000010 0.430057 0.569890 0.000010 0.000010 0.000013 0.000010
0.000010 0.000010 0.000010 0.000010 0.000010 0.000010 0.999940
0.000010 0.190244 0.586956 0.000010 0.000010 0.000010 0.222760
0.000010 0.000010 0.514425 0.000010 0.000010 0.000010 0.485525
0.000010 0.000010 0.999940 0.000010 0.000010 0.000010 0.000010
0.000010 0.417698 0.582252 0.000010 0.000010 0.000010 0.000010
0.000010 0.000010 0.530681 0.000010 0.000010 0.000010 0.469269
0.000010 0.000010 0.999940 0.000010 0.000010 0.000010 0.000010
0.000010 0.000010 0.032075 0.000010 0.000010 0.000010 0.967875
0.000010 0.000010 0.530989 0.000010 0.000010 0.000010 0.468961
0.000010 0.000010 0.000010 0.000010 0.000010 0.000010 0.999940
0.000010 0.000010 0.000010 0.000010 0.000010 0.000010 0.999940
0.000010 0.000010 0.000010 0.000010 0.000010 0.000010 0.999940
0.000010 0.000010 0.000010 0.000010 0.000010 0.000010 0.999940
0.000010 0.000010 0.000010 0.000010 0.000010 0.000010 0.999940
0.000010 0.000010 0.000010 0.000010 0.000010 0.000010 0.999940
0.000010 0.000010 0.000010 0.000010 0.000010 0.000010 0.999940
