0.000010 0.000010 0.000010 0.999920 0.000010 0.000010 0.000010 0.000010 0.000010
0.000010 0.000010 0.578457 0.000010 0.000010 0.000010 0.000010 0.000010 0.421473
0.000010 0.000010 0.000010 0.000010 0.000010 0.000010 0.000010 0.999920 0.000010
0.000010 0.000010 0.000010 0.000010 0.000010 0.000010 0.000010 0.999920 0.000010
0.000010 0.000010 0.596381 0.403549 0.000010 0.000010 0.000010 0.000010 0.000010
0.000010 0.000010 0.000010 0.999916 0.000010 0.000014 0.000010 0.000010 0.000010
0.000010 0.000010 0.000010 0.999914 0.000010 0.000010 0.000010 0.000016 0.000010
0.237964 0.000010 0.000010 0.396506 0.000010 0.000010 0.000010 0.000010 0.365470
0.340426 0.000010 0.000011 0.095544 0.563968 0.000010 0.000010 0.000012 0.000010
0.000010 0.000011 0.000011 0.000010 0.000011 0.000010 0.000010 0.999918 0.000010
0.000010 0.000010 0.000010 0.000010 0.000010 0.000010 0.489430 0.510500 0.000010
0.000010 0.000010 0.000010 0.000010 0.000010 0.000010 0.000010 0.548127 0.451803
0.000010 0.000010 0.000010 0.000010 0.000010 0.000010 0.000010 0.000010 0.999920
0.000010 0.000010 0.000010 0.000010 0.000010 0.000010 0.000010 0.539402 0.460528
0.000010 0.000010 0.000010 0.000010 0.000010 0.000010 0.495957 0.503973 0.000010
0.000010 0.000010 0.000010 0.000010 0.000010 0.000010 0.520773 0.000010 0.479157
0.000010 0.000010 0.000010 0.000010 0.000010 0.000010 0.000010 0.543944 0.455986
0.000010 0.000010 0.000010 0.000010 0.000010 0.000010 0.501916 0.498014 0.000010
0.999909 0.000010 0.000019 0.000010 0.000010 0.000010 0.000010 0.000012 0.000010
0.124581 0.000010 0.030341 0.000010 0.000011 0.000010 0.000010 0.845016 0.000010
0.000010 0.000010 0.000010 0.000010 0.000010 0.000010 0.000010 0.542311 0.457619
0.000010 0.000010 0.000010 0.000010 0.000010 0.000010 0.000010 0.538377 0.461553
0.000010 0.000010 0.000010 0.999920 0.000010 0.000010 0.000010 0.000010 0.000010
0.000010 0.000010 0.000010 0.999920 0.000010 0.000010 0.000010 0.000010 0.000010
0.000010 0.000010 0.000010 0.000010 0.000010 0.000010 0.000010 0.532141 0.467789
0.000010 0.000010 0.000010 0.483608 0.000011 0.000010 0.516321 0.000010 0.000010
0.000010 0.000010 0.000010 0.000010 0.000010 0.000010 0.543531 0.000010 0.456399
0.630036 0.000010 0.000010 0.179459 0.000010 0.000010 0.190445 0.000010 0.000010
0.000010 0.000010 0.000010 0.000010 0.000010 0.000010 0.240447 0.759483 0.000010
0.000010 0.000010 0.000010 0.481518 0.000010 0.000010 0.518412 0.000010 0.000010
0.000010 0.000010 0.000010 0.473741 0.526187 0.000010 0.000010 0.000012 0.000010
0.000010 0.000010 0.000010 0.000010 0.504399 0.000010 0.495531 0.000010 0.000010
0.000010 0.000010 0.000010 0.999916 0.000010 0.000010 0.000011 0.000013 0.000010
0.000010 0.000010 0.000010 0.000010 0.000010 0.000010 0.000010 0.546705 0.453225
0.000010 0.000010 0.000010 0.000010 0.000012 0.000010 0.500719 0.499208 0.000010
0.000010 0.000010 0.000017 0.000015 0.000010 0.000012 0.000010 0.549764 0.450152
0.000010 0.000010 0.000010 0.475730 0.000010 0.000010 0.524200 0.000010 0.000010
0.000010 0.000010 0.000010 0.000010 0.000010 0.000010 0.494833 0.505097 0.000010
0.000010 0.000013 0.000010 0.480114 0.000010 0.000010 0.519813 0.000010 0.000010
0.000014 0.000012 0.000014 0.468241 0.000010 0.000010 0.531679 0.000010 0.000010
0.000010 0.000010 0.000010 0.473618 0.000010 0.000010 0.526312 0.000010 0.000010
0.000010 0.000010 0.000010 0.000010 0.000010 0.000010 0.000010 0.516924 0.483006
0.000010 0.000010 0.000010 0.999920 0.000010 0.000010 0.000010 0.000010 0.000010
0.000010 0.000010 0.000010 0.000010 0.000010 0.000010 0.000010 0.538250 0.461680
0.000010 0.000010 0.000010 0.000010 0.512447 0.000010 0.487483 0.000010 0.000010
0.000010 0.000010 0.000010 0.000010 0.000019 0.000010 0.999911 0.000010 0.000010
0.000010 0.000010 0.000010 0.000010 0.000018 0.000010 0.538472 0.000010 0.461450
0.000010 0.000010 0.000010 0.484868 0.000010 0.000010 0.515062 0.000010 0.000010
0.000010 0.000010 0.000010 0.000010 0.067518 0.000010 0.000010 0.000010 0.932412
0.000010 0.000010 0.000010 0.999920 0.000010 0.000010 0.000010 0.000010 0.000010
0.000015 0.000010 0.000010 0.999915 0.000010 0.000010 0.000010 0.000010 0.000010
0.000012 0.000010 0.000010 0.416775 0.583146 0.000017 0.000010 0.000010 0.000010
0.000010 0.000010 0.518826 0.000010 0.481104 0.000010 0.000010 0.000010 0.000010
0.000010 0.000010 0.507733 0.000010 0.492197 0.000010 0.000010 0.000010 0.000010
0.000010 0.000010 0.000010 0.000010 0.000010 0.000010 0.000010 0.608088 0.391842
0.000010 0.000010 0.000010 0.000010 0.000010 0.000010 0.000010 0.607587 0.392343
0.000010 0.000010 0.558227 0.000012 0.000010 0.000010 0.000010 0.000010 0.441700
0.000010 0.000010 0.531704 0.000012 0.000010 0.000010 0.000010 0.000010 0.468224
0.000010 0.000010 0.000010 0.000010 0.000010 0.000010 0.000010 0.563029 0.436901
0.000016 0.000010 0.000017 0.999906 0.000011 0.000010 0.000010 0.000010 0.000010
0.000010 0.000010 0.000010 0.999920 0.000010 0.000010 0.000010 0.000010 0.000010
0.000010 0.000010 0.000011 0.999919 0.000010 0.000010 0.000010 0.000010 0.000010
0.000010 0.000010 0.000010 0.999920 0.000010 0.000010 0.000010 0.000010 0.000010
0.676439 0.000010 0.000015 0.000010 0.323486 0.000010 0.000010 0.000011 0.000010
0.000010 0.000010 0.000010 0.000010 0.000010 0.999920 0.000010 0.000010 0.000010
0.667007 0.000010 0.000010 0.000010 0.000010 0.000010 0.332923 0.000010 0.000010
0.000010 0.000010 0.000010 0.000010 0.000010 0.000010 0.000010 0.000010 0.999920
0.000010 0.000010 0.000010 0.000010 0.000010 0.000010 0.000010 0.000010 0.999920
0.000010 0.000010 0.000010 0.000010 0.000010 0.000010 0.000010 0.000010 0.999920
0.000010 0.000010 0.000010 0.000010 0.000010 0.000010 0.000010 0.000010 0.999920
0.000010 0.000010 0.000010 0.000010 0.000010 0.000010 0.000010 0.000010 0.999920
0.000010 0.000010 0.571885 0.000010 0.000010 0.000010 0.000010 0.000010 0.428045
0.000010 0.000010 0.584242 0.000010 0.000010 0.000010 0.000010 0.000010 0.415688
0.000010 0.000010 0.582077 0.000010 0.000010 0.000010 0.000010 0.000010 0.417853
0.000010 0.000010 0.588414 0.000010 0.000017 0.000010 0.000010 0.000010 0.411509
0.000010 0.000010 0.580162 0.000010 0.000010 0.000010 0.000010 0.000010 0.419768
0.000010 0.000010 0.588784 0.000010 0.000010 0.000010 0.000010 0.000010 0.411146
0.000010 0.000016 0.534678 0.000010 0.000010 0.000010 0.465246 0.000010 0.000010
0.000010 0.000010 0.000010 0.549976 0.103629 0.000010 0.000010 0.000010 0.346335
0.000010 0.000010 0.000010 0.000010 0.000010 0.000010 0.540297 0.000010 0.459633
0.000010 0.000010 0.000010 0.000010 0.088775 0.000010 0.000010 0.000010 0.911155
0.000010 0.000010 0.000010 0.000010 0.000010 0.000010 0.000010 0.545087 0.454843
0.000010 0.000010 0.575149 0.000010 0.000010 0.000010 0.000010 0.000010 0.424781
0.000010 0.000010 0.586294 0.000012 0.000010 0.000010 0.000010 0.000010 0.413634
0.000010 0.000010 0.577760 0.000010 0.000010 0.000010 0.000010 0.000010 0.422170
0.000010 0.000010 0.569940 0.000010 0.000010 0.000010 0.000010 0.000010 0.429990
0.000010 0.000010 0.592343 0.000010 0.000010 0.000010 0.000010 0.000010 0.407587
0.000011 0.000010 0.595583 0.404339 0.000010 0.000010 0.000010 0.000017 0.000010
0.000010 0.000010 0.610711 0.389219 0.000010 0.000010 0.000010 0.000010 0.000010
0.000010 0.000010 0.596977 0.402953 0.000010 0.000010 0.000010 0.000010 0.000010
0.000010 0.000010 0.000010 0.824147 0.000010 0.175783 0.000010 0.000010 0.000010
0.000010 0.000010 0.000010 0.503459 0.000010 0.000010 0.000010 0.496471 0.000010
0.000010 0.000010 0.000010 0.999920 0.000010 0.000010 0.000010 0.000010 0.000010
0.000010 0.000010 0.000010 0.999920 0.000010 0.000010 0.000010 0.000010 0.000010
0.000010 0.000011 0.000010 0.999917 0.000010 0.000012 0.000010 0.000010 0.000010
0.000010 0.000010 0.000010 0.999920 0.000010 0.000010 0.000010 0.000010 0.000010
0.000010 0.000010 0.000016 0.000010 0.000010 0.000010 0.508851 0.491073 0.000010
0.000010 0.000010 0.000010 0.000010 0.000011 0.000010 0.999919 0.000010 0.000010
0.000010 0.000010 0.000010 0.000010 0.511244 0.000010 0.488686 0.000010 0.000010
0.000010 0.000010 0.000010 0.000010 0.503509 0.000010 0.496421 0.000010 0.000010
0.000010 0.000010 0.066216 0.418149 0.515575 0.000010 0.000010 0.000010 0.000010
0.000010 0.000010 0.000010 0.000010 0.507338 0.000010 0.492592 0.000010 0.000010
0.000010 0.000010 0.000010 0.353443 0.000010 0.646487 0.000010 0.000010 0.000010
0.000010 0.000010 0.000010 0.000010 0.000010 0.999920 0.000010 0.000010 0.000010
0.000010 0.000010 0.000010 0.000010 0.000010 0.999920 0.000010 0.000010 0.000010
0.000010 0.999920 0.000010 0.000010 0.000010 0.000010 0.000010 0.000010 0.000010
0.000010 0.999920 0.000010 0.000010 0.000010 0.000010 0.000010 0.000010 0.000010
0.000010 0.817327 0.000010 0.182603 0.000010 0.000010 0.000010 0.000010 0.000010
0.000010 0.999920 0.000010 0.000010 0.000010 0.000010 0.000010 0.000010 0.000010
0.000010 0.999920 0.000010 0.000010 0.000010 0.000010 0.000010 0.000010 0.000010
0.000010 0.999920 0.000010 0.000010 0.000010 0.000010 0.000010 0.000010 0.000010
0.000010 0.000010 0.000010 0.000010 0.000010 0.999920 0.000010 0.000010 0.000010
0.650033 0.000010 0.000010 0.000010 0.000010 0.000010 0.349897 0.000010 0.000010
0.000010 0.000010 0.000010 0.000010 0.000010 0.000010 0.999920 0.000010 0.000010
0.000010 0.000010 0.580021 0.419908 0.000010 0.000010 0.000010 0.000011 0.000010
0.000010 0.000010 0.000010 0.000010 0.000014 0.000010 0.999916 0.000010 0.000010
0.000010 0.000010 0.000010 0.467917 0.532013 0.000010 0.000010 0.000010 0.000010
0.000010 0.000010 0.607774 0.000010 0.000010 0.000010 0.000010 0.392156 0.000010
0.000010 0.000010 0.000010 0.000010 0.000010 0.000010 0.000010 0.000010 0.999920
0.000010 0.000010 0.578152 0.000010 0.000010 0.000010 0.000010 0.000010 0.421778
0.000011 0.000010 0.582981 0.000010 0.020015 0.000010 0.000010 0.000010 0.396942
0.000010 0.000010 0.594453 0.405477 0.000010 0.000010 0.000010 0.000010 0.000010
0.000010 0.000010 0.578737 0.000010 0.000010 0.000010 0.000010 0.000010 0.421193
0.000010 0.000010 0.601293 0.398637 0.000010 0.000010 0.000010 0.000010 0.000010
0.000010 0.000010 0.583147 0.000010 0.000010 0.000010 0.000010 0.000010 0.416783
0.000010 0.000010 0.572595 0.000010 0.000010 0.000010 0.000010 0.000010 0.427335
0.000010 0.000010 0.582950 0.000010 0.000010 0.000010 0.000010 0.000010 0.416980
0.000010 0.000010 0.580157 0.000010 0.000010 0.000010 0.000010 0.000010 0.419773
0.000010 0.000010 0.000010 0.000010 0.000010 0.000010 0.000010 0.000010 0.999920
0.000010 0.000010 0.000010 0.000010 0.000010 0.000010 0.000010 0.000010 0.999920
0.000010 0.000010 0.000010 0.000010 0.000010 0.000010 0.000010 0.000010 0.999920
0.000010 0.000010 0.571679 0.000010 0.000010 0.000010 0.000010 0.000010 0.428251
0.000010 0.000010 0.573897 0.000010 0.000010 0.000010 0.000010 0.000010 0.426033
0.000011 0.000010 0.572402 0.000010 0.000010 0.000010 0.000010 0.000010 0.427527
0.000010 0.000010 0.569354 0.000010 0.000010 0.000010 0.000010 0.000010 0.430576
0.000010 0.000010 0.000010 0.598373 0.000010 0.000010 0.000010 0.000010 0.401557
0.000010 0.000010 0.000010 0.000010 0.000010 0.999920 0.000010 0.000010 0.000010
0.000010 0.000010 0.000010 0.000010 0.000010 0.999920 0.000010 0.000010 0.000010
0.000010 0.000010 0.000010 0.000010 0.000010 0.999920 0.000010 0.000010 0.000010
0.000010 0.000010 0.000010 0.000010 0.000010 0.999920 0.000010 0.000010 0.000010
0.000010 0.000010 0.000010 0.000010 0.000010 0.999920 0.000010 0.000010 0.000010
0.000010 0.000010 0.000010 0.000010 0.000010 0.000010 0.000010 0.000010 0.999920
0.000010 0.000010 0.000010 0.000010 0.000010 0.000010 0.000010 0.000010 0.999920
0.000010 0.000010 0.000010 0.000010 0.000010 0.000010 0.000010 0.000010 0.999920
0.000010 0.000010 0.000010 0.000010 0.000010 0.000010 0.000010 0.519939 0.479991
0.000010 0.000010 0.000010 0.000010 0.000010 0.000010 0.000010 0.000010 0.999920
0.000010 0.000010 0.000010 0.000010 0.000010 0.000010 0.000010 0.000010 0.999920
0.000010 0.000010 0.000010 0.000010 0.000010 0.000010 0.000010 0.000010 0.999920
0.000010 0.000010 0.000010 0.000016 0.000014 0.000010 0.000010 0.000010 0.999910
0.000010 0.000010 0.000010 0.000010 0.000010 0.000010 0.000010 0.000010 0.999920
0.000010 0.000010 0.000010 0.000010 0.000010 0.000010 0.000010 0.000010 0.999920
0.000010 0.000010 0.000010 0.000010 0.000010 0.000010 0.000010 0.000010 0.999920
0.000010 0.000010 0.000010 0.000010 0.000011 0.000010 0.000010 0.000010 0.999919
0.000010 0.000010 0.000010 0.000010 0.568624 0.000010 0.000010 0.000010 0.431306
0.281564 0.000010 0.000010 0.248187 0.000010 0.000010 0.470189 0.000010 0.000010
0.000010 0.000010 0.000010 0.000010 0.000010 0.000010 0.999920 0.000010 0.000010
0.000010 0.000010 0.000010 0.000010 0.000010 0.000010 0.999920 0.000010 0.000010
0.000010 0.000010 0.000010 0.000010 0.545754 0.000010 0.000010 0.454176 0.000010
0.000010 0.000010 0.000010 0.000010 0.000012 0.000010 0.999918 0.000010 0.000010
0.000010 0.000010 0.000010 0.000010 0.555043 0.000010 0.237648 0.207249 0.000010
0.000010 0.000010 0.000010 0.000010 0.502080 0.000010 0.497850 0.000010 0.000010
0.000010 0.000010 0.000010 0.000010 0.999920 0.000010 0.000010 0.000010 0.000010
0.000010 0.000010 0.000010 0.000010 0.545826 0.000012 0.000010 0.454102 0.000010
0.000010 0.000010 0.000010 0.000010 0.518508 0.000010 0.481422 0.000010 0.000010
0.000010 0.000010 0.000010 0.000010 0.999913 0.000010 0.000017 0.000010 0.000010
0.000010 0.000010 0.000010 0.000010 0.037754 0.000010 0.962176 0.000010 0.000010
0.000010 0.000010 0.000010 0.000010 0.518920 0.000010 0.481007 0.000013 0.000010
0.000010 0.000010 0.000010 0.000010 0.000010 0.000010 0.999920 0.000010 0.000010
0.000010 0.000010 0.000010 0.000010 0.000010 0.000010 0.999920 0.000010 0.000010
0.000010 0.000010 0.000010 0.000010 0.000015 0.000010 0.999915 0.000010 0.000010
0.000010 0.000010 0.000010 0.000010 0.000018 0.000010 0.999912 0.000010 0.000010
0.000010 0.000010 0.000010 0.000010 0.000018 0.000010 0.999912 0.000010 0.000010
0.000010 0.000011 0.000010 0.000010 0.000012 0.000010 0.999917 0.000010 0.000010
0.000010 0.000010 0.000010 0.000010 0.000010 0.000010 0.999920 0.000010 0.000010
