0.999920 0.000010 0.000010 0.000010 0.000010 0.000010 0.000010 0.000010 0.000010
0.000010 0.000010 0.498350 0.501580 0.000010 0.000010 0.000010 0.000010 0.000010
0.000010 0.000010 0.000010 0.000010 0.000010 0.000010 0.000010 0.999920 0.000010
0.000010 0.000010 0.000010 0.000010 0.000010 0.000010 0.000010 0.999920 0.000010
0.000010 0.000010 0.000010 0.512599 0.000010 0.000010 0.000010 0.487331 0.000010
0.999920 0.000010 0.000010 0.000010 0.000010 0.000010 0.000010 0.000010 0.000010
0.999919 0.000010 0.000010 0.000011 0.000010 0.000010 0.000010 0.000010 0.000010
0.000010 0.000010 0.000010 0.000010 0.000010 0.000010 0.000010 0.496042 0.503888
0.000010 0.000010 0.000010 0.000010 0.999920 0.000010 0.000010 0.000010 0.000010
0.000010 0.000010 0.000010 0.000012 0.000010 0.000010 0.000010 0.999917 0.000010
0.035535 0.027846 0.000010 0.000010 0.000010 0.000010 0.476774 0.459795 0.000010
0.000010 0.000010 0.000010 0.000010 0.000010 0.000010 0.000010 0.495029 0.504901
0.000010 0.000010 0.999920 0.000010 0.000010 0.000010 0.000010 0.000010 0.000010
0.000010 0.000010 0.203404 0.000010 0.000010 0.000010 0.000010 0.492569 0.303967
0.000010 0.000010 0.000010 0.000010 0.000010 0.000010 0.501472 0.498458 0.000010
0.000010 0.000010 0.503126 0.000010 0.000010 0.000010 0.496804 0.000010 0.000010
0.000010 0.000010 0.499971 0.006830 0.000010 0.000010 0.000010 0.493140 0.000010
0.000010 0.010759 0.000010 0.000010 0.000010 0.000010 0.492893 0.496287 0.000010
0.097289 0.000010 0.000010 0.000010 0.508603 0.000010 0.000010 0.394048 0.000010
0.999920 0.000010 0.000010 0.000010 0.000010 0.000010 0.000010 0.000010 0.000010
0.054595 0.000010 0.391778 0.000010 0.111304 0.000010 0.000010 0.442273 0.000010
0.000010 0.000010 0.504108 0.000010 0.000010 0.000010 0.000010 0.495822 0.000010
0.000010 0.000010 0.000010 0.000010 0.000010 0.000010 0.000010 0.999920 0.000010
0.000010 0.000010 0.000010 0.000010 0.000010 0.000010 0.000010 0.999920 0.000010
0.083723 0.000010 0.231286 0.000010 0.000010 0.000010 0.000010 0.410711 0.274230
0.029820 0.000010 0.000010 0.000010 0.000010 0.000010 0.503339 0.466780 0.000010
0.000010 0.000010 0.347710 0.000010 0.000010 0.000010 0.497141 0.000010 0.155088
0.460608 0.000010 0.000010 0.000010 0.503799 0.000010 0.035533 0.000010 0.000010
0.173878 0.000010 0.000010 0.043084 0.000010 0.000010 0.000010 0.782978 0.000010
0.065606 0.000010 0.000010 0.000010 0.000010 0.000010 0.501478 0.432856 0.000010
0.067612 0.000010 0.000010 0.009679 0.505086 0.000010 0.000010 0.417573 0.000010
0.000010 0.000010 0.000010 0.000010 0.498959 0.000010 0.500971 0.000010 0.000010
0.000010 0.000010 0.000010 0.000010 0.000010 0.000010 0.000010 0.999920 0.000010
0.000010 0.000010 0.500373 0.000010 0.000010 0.000010 0.000010 0.499557 0.000010
0.177530 0.000010 0.000010 0.015423 0.000010 0.000010 0.498650 0.308346 0.000010
0.035540 0.000010 0.499087 0.000010 0.000010 0.000010 0.000010 0.465314 0.000010
0.000010 0.000010 0.000010 0.000010 0.000010 0.000010 0.502417 0.497513 0.000010
0.000010 0.000010 0.000010 0.000010 0.000010 0.000010 0.497773 0.502157 0.000010
0.000010 0.000010 0.000010 0.021482 0.000010 0.000010 0.502857 0.475601 0.000010
0.000010 0.000010 0.000010 0.000010 0.000010 0.000010 0.501871 0.498059 0.000010
0.000010 0.000010 0.000010 0.010916 0.000010 0.000010 0.496045 0.492980 0.000010
0.001238 0.000010 0.442199 0.000015 0.000010 0.000010 0.000010 0.499456 0.057051
0.000010 0.000010 0.000010 0.000010 0.000010 0.000010 0.000010 0.999920 0.000010
0.000010 0.000010 0.319961 0.000010 0.000010 0.000010 0.000010 0.497175 0.182804
0.000010 0.000010 0.000010 0.000010 0.500488 0.000010 0.499442 0.000010 0.000010
0.000010 0.000010 0.000010 0.000010 0.000010 0.000010 0.999920 0.000010 0.000010
0.000010 0.000010 0.448314 0.000010 0.053586 0.000010 0.498041 0.000010 0.000010
0.102212 0.000010 0.000010 0.000010 0.000010 0.000010 0.496828 0.400899 0.000010
0.000010 0.000010 0.999917 0.000011 0.000010 0.000011 0.000010 0.000010 0.000010
0.247797 0.000010 0.000010 0.000238 0.000010 0.000010 0.000010 0.751905 0.000010
0.000010 0.000010 0.000010 0.000010 0.000010 0.000010 0.000010 0.999920 0.000010
0.000010 0.000010 0.000010 0.000010 0.503083 0.000010 0.000010 0.496847 0.000010
0.000010 0.000010 0.000010 0.498970 0.500960 0.000010 0.000010 0.000010 0.000010
0.000010 0.000010 0.000010 0.500423 0.499507 0.000010 0.000010 0.000010 0.000010
0.496076 0.000010 0.000010 0.000010 0.000010 0.000010 0.000010 0.000010 0.503854
0.496680 0.000010 0.000010 0.000010 0.000010 0.000010 0.000010 0.000010 0.503250
0.000010 0.000010 0.502733 0.497197 0.000010 0.000010 0.000010 0.000010 0.000010
0.000010 0.000013 0.507686 0.492241 0.000010 0.000010 0.000010 0.000010 0.000010
0.021843 0.000010 0.487700 0.000011 0.000010 0.000013 0.000010 0.490393 0.000010
0.000010 0.000010 0.000010 0.028417 0.000010 0.000010 0.000010 0.971513 0.000010
0.000010 0.000010 0.000010 0.000010 0.000010 0.000010 0.000010 0.999920 0.000010
0.000010 0.000010 0.000010 0.000010 0.000010 0.000010 0.000010 0.999920 0.000010
0.000010 0.000010 0.000010 0.000010 0.000010 0.000010 0.000010 0.999920 0.000010
0.000010 0.000010 0.000010 0.000010 0.999920 0.000010 0.000010 0.000010 0.000010
0.000010 0.000010 0.000010 0.000010 0.000010 0.000010 0.000010 0.999920 0.000010
0.000010 0.000010 0.000010 0.000010 0.499055 0.000010 0.500875 0.000010 0.000010
0.000010 0.000010 0.999920 0.000010 0.000010 0.000010 0.000010 0.000010 0.000010
0.000010 0.000010 0.898005 0.000010 0.101925 0.000010 0.000011 0.000010 0.000010
0.000010 0.000010 0.999920 0.000010 0.000010 0.000010 0.000010 0.000010 0.000010
0.000010 0.000010 0.677163 0.000010 0.000010 0.000013 0.000010 0.000010 0.322764
0.000010 0.000010 0.758597 0.000010 0.000010 0.000010 0.000010 0.000010 0.241333
0.000010 0.000010 0.498135 0.501795 0.000010 0.000010 0.000010 0.000010 0.000010
0.000010 0.000010 0.496753 0.503177 0.000010 0.000010 0.000010 0.000010 0.000010
0.000010 0.000010 0.000010 0.507367 0.053880 0.000010 0.000010 0.000010 0.438693
0.000010 0.000010 0.000010 0.508562 0.000010 0.000010 0.000010 0.000010 0.491368
0.000010 0.000010 0.292140 0.499719 0.070244 0.000010 0.000016 0.000010 0.137842
0.000010 0.000010 0.000010 0.499419 0.151862 0.000010 0.000010 0.000010 0.348658
0.000010 0.000010 0.000010 0.502134 0.000010 0.000010 0.497796 0.000010 0.000010
0.133126 0.000010 0.000010 0.018836 0.504818 0.000010 0.000010 0.343170 0.000010
0.000010 0.000010 0.497892 0.000010 0.000010 0.000010 0.502038 0.000010 0.000010
0.000010 0.000010 0.477002 0.000010 0.492805 0.000010 0.000010 0.000010 0.030134
0.000010 0.000010 0.413719 0.000010 0.086032 0.000010 0.000010 0.500189 0.000010
0.000010 0.000010 0.496542 0.503388 0.000010 0.000010 0.000010 0.000010 0.000010
0.000010 0.000010 0.497265 0.502665 0.000010 0.000010 0.000010 0.000010 0.000010
0.000010 0.000010 0.494909 0.505021 0.000010 0.000010 0.000010 0.000010 0.000010
0.000010 0.000012 0.403694 0.500530 0.000011 0.000010 0.000010 0.000010 0.095713
0.000010 0.000010 0.000010 0.500768 0.000010 0.000010 0.000010 0.000010 0.499162
0.064021 0.000010 0.000010 0.497175 0.000010 0.000010 0.000010 0.438744 0.000010
0.000010 0.000010 0.000010 0.526653 0.000010 0.000010 0.000010 0.473277 0.000010
0.000010 0.000010 0.000010 0.528995 0.000010 0.000010 0.000010 0.470935 0.000010
0.000010 0.000010 0.000010 0.013071 0.000010 0.000010 0.000010 0.986859 0.000010
0.000010 0.000010 0.000010 0.024454 0.000010 0.000010 0.000010 0.975476 0.000010
0.000010 0.000010 0.000010 0.000010 0.000010 0.000010 0.000010 0.999920 0.000010
0.000010 0.000010 0.000010 0.000010 0.000010 0.000010 0.000010 0.999920 0.000010
0.000010 0.000010 0.000010 0.000010 0.000010 0.000010 0.000010 0.999920 0.000010
0.317251 0.000010 0.000010 0.029922 0.000010 0.000010 0.000010 0.652767 0.000010
0.426000 0.000010 0.000010 0.067978 0.000010 0.000010 0.505962 0.000010 0.000010
0.000010 0.000010 0.000010 0.000010 0.000010 0.000010 0.999920 0.000010 0.000010
0.000010 0.009735 0.000010 0.000010 0.497582 0.000010 0.492623 0.000010 0.000010
0.000010 0.000010 0.000010 0.000010 0.498870 0.000010 0.501060 0.000010 0.000010
0.000010 0.000010 0.026218 0.000010 0.476451 0.000010 0.000010 0.497270 0.000010
0.000010 0.000010 0.000010 0.000010 0.499913 0.000010 0.500017 0.000010 0.000010
0.000010 0.000010 0.000010 0.000010 0.000010 0.000010 0.000010 0.999920 0.000010
0.000010 0.000010 0.000010 0.000010 0.000010 0.000010 0.000010 0.999920 0.000010
0.000010 0.000010 0.000010 0.000010 0.000010 0.999920 0.000010 0.000010 0.000010
0.000010 0.999914 0.000016 0.000010 0.000010 0.000010 0.000010 0.000010 0.000010
0.000010 0.999920 0.000010 0.000010 0.000010 0.000010 0.000010 0.000010 0.000010
0.000010 0.513462 0.000010 0.000010 0.000010 0.000010 0.000010 0.486468 0.000010
0.000010 0.999920 0.000010 0.000010 0.000010 0.000010 0.000010 0.000010 0.000010
0.000010 0.999920 0.000010 0.000010 0.000010 0.000010 0.000010 0.000010 0.000010
0.000010 0.999920 0.000010 0.000010 0.000010 0.000010 0.000010 0.000010 0.000010
0.000010 0.000010 0.000010 0.000010 0.000010 0.000010 0.000010 0.999920 0.000010
0.000010 0.000010 0.000013 0.000010 0.490202 0.000010 0.509724 0.000010 0.000010
0.000010 0.000010 0.000010 0.000010 0.000011 0.000010 0.999919 0.000010 0.000010
0.000010 0.000010 0.000010 0.506069 0.000010 0.000010 0.000010 0.493861 0.000010
0.000010 0.000010 0.000010 0.000010 0.000010 0.000010 0.999920 0.000010 0.000010
0.000010 0.000010 0.000010 0.000010 0.500614 0.000010 0.000010 0.499316 0.000010
0.000010 0.000010 0.000010 0.519205 0.000010 0.000010 0.000010 0.480725 0.000010
0.000010 0.000010 0.999920 0.000010 0.000010 0.000010 0.000010 0.000010 0.000010
0.000010 0.000010 0.357339 0.504118 0.000019 0.000010 0.000013 0.000010 0.138472
0.000010 0.000010 0.141239 0.501294 0.357407 0.000010 0.000010 0.000010 0.000010
0.000010 0.000010 0.000010 0.510605 0.000010 0.000010 0.000010 0.489325 0.000010
0.000010 0.000010 0.497001 0.502929 0.000010 0.000010 0.000010 0.000010 0.000010
0.000010 0.000010 0.000010 0.524215 0.000010 0.000010 0.000010 0.475715 0.000010
0.000010 0.000011 0.164064 0.502333 0.000018 0.000013 0.000010 0.000010 0.333531
0.000010 0.000010 0.495172 0.504758 0.000010 0.000010 0.000010 0.000010 0.000010
0.000010 0.000010 0.393217 0.506686 0.100037 0.000010 0.000010 0.000010 0.000010
0.000010 0.000010 0.500085 0.499845 0.000010 0.000010 0.000010 0.000010 0.000010
0.000010 0.000010 0.000010 0.000010 0.000010 0.000010 0.000010 0.000010 0.999920
0.000010 0.000010 0.999920 0.000010 0.000010 0.000010 0.000010 0.000010 0.000010
0.000010 0.000010 0.928929 0.000010 0.000010 0.000010 0.000010 0.000010 0.071001
0.000010 0.000011 0.441174 0.503255 0.000010 0.000010 0.000010 0.000010 0.055510
0.000010 0.000010 0.495451 0.504479 0.000010 0.000010 0.000010 0.000010 0.000010
0.000010 0.000010 0.356615 0.503495 0.000010 0.000010 0.000010 0.000010 0.139830
0.000010 0.000010 0.478406 0.505521 0.000010 0.000010 0.000010 0.000010 0.016013
0.502482 0.000010 0.198667 0.000010 0.000010 0.000010 0.000010 0.000010 0.298791
0.000010 0.000010 0.000010 0.000010 0.000010 0.000010 0.000010 0.999920 0.000010
0.000010 0.000010 0.000010 0.000010 0.000010 0.999920 0.000010 0.000010 0.000010
0.000010 0.000010 0.000010 0.000010 0.000010 0.000010 0.000010 0.999920 0.000010
0.000010 0.000010 0.000010 0.000010 0.000010 0.999920 0.000010 0.000010 0.000010
0.000010 0.000010 0.000010 0.000010 0.000010 0.999920 0.000010 0.000010 0.000010
0.000010 0.000010 0.999920 0.000010 0.000010 0.000010 0.000010 0.000010 0.000010
0.000010 0.000010 0.913654 0.000010 0.000010 0.000010 0.000010 0.000010 0.086276
0.000010 0.000010 0.999920 0.000010 0.000010 0.000010 0.000010 0.000010 0.000010
0.000010 0.000010 0.426787 0.000010 0.000010 0.000010 0.000010 0.495259 0.077893
0.000010 0.000010 0.999920 0.000010 0.000010 0.000010 0.000010 0.000010 0.000010
0.000010 0.000010 0.999920 0.000010 0.000010 0.000010 0.000010 0.000010 0.000010
0.000010 0.000010 0.475186 0.000010 0.000010 0.000010 0.000010 0.000010 0.524744
0.000010 0.000010 0.999920 0.000010 0.000010 0.000010 0.000010 0.000010 0.000010
0.000010 0.000010 0.999920 0.000010 0.000010 0.000010 0.000010 0.000010 0.000010
0.000010 0.000011 0.999919 0.000010 0.000010 0.000010 0.000010 0.000010 0.000010
0.000010 0.000010 0.000010 0.000010 0.000010 0.000010 0.000010 0.000010 0.999920
0.000010 0.000010 0.881766 0.000010 0.118164 0.000010 0.000010 0.000010 0.000010
0.000010 0.000010 0.391542 0.000010 0.608388 0.000010 0.000010 0.000010 0.000010
0.000010 0.000010 0.000010 0.000010 0.000010 0.000010 0.511392 0.488538 0.000010
0.000010 0.000010 0.000010 0.000010 0.000010 0.000010 0.999920 0.000010 0.000010
0.000010 0.000010 0.000010 0.000010 0.000010 0.000010 0.999920 0.000010 0.000010
0.000010 0.000010 0.000010 0.000010 0.503543 0.000010 0.000010 0.496387 0.000010
0.000010 0.000010 0.000010 0.000010 0.000010 0.000010 0.999920 0.000010 0.000010
0.000010 0.000010 0.000010 0.000010 0.501702 0.000010 0.000010 0.498228 0.000010
0.000010 0.000010 0.000010 0.000010 0.502321 0.000010 0.497609 0.000010 0.000010
0.000010 0.000010 0.000010 0.000010 0.999920 0.000010 0.000010 0.000010 0.000010
0.183118 0.000010 0.000010 0.005709 0.500453 0.000014 0.000010 0.310666 0.000010
0.000010 0.000010 0.000010 0.000010 0.501967 0.000010 0.497963 0.000010 0.000010
0.000010 0.000010 0.000010 0.000010 0.999920 0.000010 0.000010 0.000010 0.000010
0.000010 0.000010 0.000010 0.000010 0.000010 0.000010 0.999920 0.000010 0.000010
0.000010 0.000010 0.000010 0.000010 0.495160 0.000010 0.504770 0.000010 0.000010
0.000010 0.004156 0.000010 0.000010 0.000010 0.000010 0.995774 0.000010 0.000010
0.000010 0.000010 0.000010 0.000010 0.000010 0.000010 0.999920 0.000010 0.000010
0.000010 0.000010 0.000010 0.000010 0.000010 0.000010 0.999920 0.000010 0.000010
0.000010 0.000010 0.000010 0.000010 0.000010 0.000010 0.999920 0.000010 0.000010
0.000010 0.000010 0.000010 0.000010 0.000010 0.000010 0.999920 0.000010 0.000010
0.000010 0.020784 0.000010 0.000010 0.000010 0.000010 0.979145 0.000010 0.000010
0.000010 0.000010 0.000010 0.000010 0.000010 0.000010 0.999920 0.000010 0.000010
