0.000010 0.000010 0.000010 0.999970
0.000010 0.598238 0.401742 0.000010
0.000010 0.013303 0.000010 0.986677
0.000010 0.000010 0.000010 0.999970
0.000010 0.645412 0.000010 0.354568
0.000010 0.000010 0.000010 0.999970
0.000010 0.000010 0.000010 0.999970
0.000010 0.000010 0.000010 0.999970
0.000010 0.000010 0.217756 0.782224
0.000010 0.000010 0.000010 0.999970
0.499980 0.000015 0.000010 0.499995
0.000010 0.000010 0.368198 0.631782
0.000010 0.000010 0.999970 0.000010
0.000010 0.000010 0.521234 0.478745
0.505411 0.045521 0.000010 0.449059
0.495910 0.000010 0.504070 0.000010
0.000010 0.000010 0.441550 0.558430
0.513950 0.000010 0.000010 0.486030
0.025827 0.067464 0.472272 0.434437
0.000010 0.000010 0.537397 0.462583
0.000010 0.000010 0.472671 0.527309
0.000010 0.000010 0.530081 0.469899
0.000010 0.000010 0.000010 0.999970
0.000010 0.000010 0.000010 0.999970
0.000010 0.000010 0.480444 0.519536
0.503920 0.000010 0.000010 0.496060
0.500273 0.000010 0.499707 0.000010
0.000010 0.000010 0.461038 0.538942
0.000010 0.000010 0.000010 0.999970
0.501565 0.000010 0.000010 0.498415
0.000010 0.000010 0.219033 0.780947
0.511102 0.000010 0.018515 0.470373
0.000010 0.000010 0.000010 0.999970
0.000010 0.000010 0.479367 0.520613
0.516780 0.000010 0.205520 0.277690
0.000010 0.037467 0.330896 0.631627
0.500785 0.000010 0.000010 0.499195
0.506248 0.000010 0.000010 0.493732
0.495908 0.000010 0.000010 0.504072
0.507177 0.000010 0.000010 0.492803
0.507590 0.000010 0.000010 0.492390
0.000010 0.000010 0.393914 0.606066
0.000010 0.000010 0.000010 0.999970
0.000010 0.000010 0.492634 0.507346
0.499445 0.000010 0.400683 0.099862
0.999970 0.000010 0.000010 0.000010
0.509219 0.000010 0.490761 0.000010
0.491747 0.000015 0.000010 0.508229
0.000010 0.025250 0.974730 0.000010
0.000010 0.000010 0.000010 0.999970
0.000010 0.000010 0.000010 0.999970
0.000010 0.088395 0.448517 0.463078
0.000010 0.609401 0.390579 0.000010
0.000010 0.617024 0.382956 0.000010
0.000010 0.000010 0.999970 0.000010
0.000010 0.000010 0.999970 0.000010
0.000010 0.681482 0.318498 0.000010
0.000010 0.597230 0.402750 0.000010
0.000010 0.003960 0.478163 0.517866
0.000010 0.000010 0.083945 0.916035
0.000010 0.000010 0.000010 0.999970
0.000010 0.000010 0.000010 0.999970
0.000013 0.000010 0.000010 0.999967
0.029752 0.000010 0.892724 0.077515
0.000010 0.766140 0.000010 0.233840
0.489319 0.000010 0.510661 0.000010
0.000010 0.000010 0.823693 0.176287
0.000010 0.000010 0.902759 0.097221
0.000010 0.000010 0.999970 0.000010
0.000010 0.000010 0.999970 0.000010
0.000010 0.000010 0.999970 0.000010
0.000010 0.586841 0.413139 0.000010
0.000010 0.666212 0.333768 0.000010
0.000010 0.581738 0.418242 0.000010
0.000010 0.586025 0.413955 0.000010
0.000010 0.600440 0.399540 0.000010
0.000010 0.575242 0.424738 0.000010
0.483315 0.516664 0.000011 0.000010
0.000010 0.000010 0.240496 0.759484
0.498124 0.000010 0.501856 0.000010
0.000010 0.000010 0.908343 0.091637
0.000010 0.000010 0.487238 0.512742
0.000010 0.687023 0.312957 0.000010
0.000010 0.689027 0.201005 0.109958
0.000010 0.617989 0.381991 0.000010
0.000010 0.560309 0.439671 0.000010
0.000010 0.672922 0.090899 0.236169
0.000010 0.634065 0.000010 0.365915
0.000010 0.665493 0.000010 0.334487
0.000010 0.654785 0.000010 0.345195
0.000010 0.354793 0.000010 0.645187
0.000010 0.000010 0.000010 0.999970
0.000010 0.000010 0.000010 0.999970
0.000010 0.000010 0.000010 0.999970
0.000010 0.000010 0.000010 0.999970
0.000010 0.000010 0.000010 0.999970
0.493519 0.000010 0.395617 0.110854
0.999966 0.000014 0.000010 0.000010
0.519682 0.000010 0.310950 0.169358
0.517403 0.000010 0.421385 0.061202
0.000010 0.000010 0.160691 0.839289
0.520845 0.000010 0.324751 0.154394
0.000010 0.218315 0.000010 0.781665
0.000010 0.910245 0.000010 0.089735
0.000010 0.999970 0.000010 0.000010
0.999970 0.000010 0.000010 0.000010
0.999970 0.000010 0.000010 0.000010
0.522381 0.000010 0.000010 0.477599
0.999970 0.000010 0.000010 0.000010
0.999970 0.000010 0.000010 0.000010
0.999965 0.000015 0.000010 0.000010
0.000010 0.761622 0.000010 0.238358
0.527434 0.000010 0.465597 0.006959
0.999970 0.000010 0.000010 0.000010
0.000010 0.639524 0.000010 0.360456
0.999970 0.000010 0.000010 0.000010
0.000010 0.000010 0.297962 0.702018
0.000010 0.657204 0.342776 0.000010
0.000010 0.000010 0.892078 0.107902
0.000010 0.607320 0.392660 0.000010
0.000010 0.612045 0.387935 0.000010
0.000010 0.663916 0.000010 0.336064
0.000010 0.624223 0.375757 0.000010
0.000010 0.666256 0.000010 0.333724
0.000010 0.714212 0.285768 0.000010
0.000010 0.586605 0.413375 0.000010
0.000010 0.630752 0.369228 0.000010
0.000010 0.631441 0.368539 0.000010
0.000010 0.000010 0.999970 0.000010
0.000010 0.000010 0.999970 0.000010
0.000010 0.000010 0.999970 0.000010
0.000010 0.578944 0.421036 0.000010
0.000010 0.624596 0.375384 0.000010
0.000010 0.565645 0.434335 0.000010
0.000010 0.592795 0.407185 0.000010
0.000010 0.008130 0.294246 0.697614
0.000010 0.833828 0.000010 0.166152
0.000010 0.861430 0.000010 0.138550
0.000010 0.848443 0.000010 0.151537
0.000010 0.969189 0.000010 0.030791
0.000010 0.926958 0.000010 0.073022
0.000010 0.000010 0.726641 0.273339
0.000010 0.000010 0.999970 0.000010
0.000010 0.000010 0.999970 0.000010
0.000010 0.000010 0.948593 0.051387
0.000010 0.000010 0.910051 0.089929
0.000010 0.000010 0.986572 0.013408
0.000010 0.000010 0.999970 0.000010
0.000010 0.000010 0.920568 0.079412
0.000010 0.000010 0.810013 0.189967
0.000010 0.000010 0.999970 0.000010
0.000010 0.000010 0.999970 0.000010
0.000010 0.008787 0.991193 0.000010
0.000010 0.000010 0.918226 0.081754
0.521837 0.000010 0.042531 0.435622
0.999970 0.000010 0.000010 0.000010
0.999970 0.000010 0.000010 0.000010
0.000010 0.000010 0.189731 0.810249
0.999970 0.000010 0.000010 0.000010
0.000010 0.080335 0.474743 0.444912
0.529225 0.000010 0.439749 0.031016
0.000010 0.000010 0.849205 0.150775
0.000010 0.000010 0.689876 0.310104
0.515054 0.000010 0.350163 0.134773
0.000010 0.000010 0.676586 0.323394
0.999970 0.000010 0.000010 0.000010
0.514847 0.000010 0.192376 0.292767
0.999970 0.000010 0.000010 0.000010
0.999970 0.000010 0.000010 0.000010
0.999970 0.000010 0.000010 0.000010
0.999970 0.000010 0.000010 0.000010
0.999970 0.000010 0.000010 0.000010
0.999970 0.000010 0.000010 0.000010
0.999970 0.000010 0.000010 0.000010
