0.000010 0.000010 0.000010 0.999960 0.000010
0.000010 0.413232 0.000010 0.000010 0.586738
0.000010 0.000010 0.000010 0.952266 0.047704
0.000010 0.000010 0.040740 0.942456 0.016783
0.000010 0.000012 0.000010 0.371738 0.628230
0.000010 0.000010 0.000010 0.999960 0.000010
0.000010 0.000010 0.000010 0.999960 0.000010
0.000010 0.429392 0.000012 0.570576 0.000010
0.000010 0.000010 0.744038 0.255932 0.000010
0.000011 0.000010 0.000010 0.987803 0.012166
0.507833 0.000010 0.000010 0.483349 0.008798
0.000010 0.475198 0.000010 0.524772 0.000010
0.000010 0.999960 0.000010 0.000010 0.000010
0.000010 0.481645 0.000010 0.518325 0.000010
0.510810 0.000010 0.000010 0.489160 0.000010
0.512271 0.487699 0.000010 0.000010 0.000010
0.000010 0.485447 0.000010 0.514523 0.000010
0.514972 0.000010 0.000010 0.484998 0.000010
0.003963 0.000010 0.421574 0.574443 0.000010
0.000010 0.000010 0.085118 0.845573 0.069289
0.000010 0.483396 0.000010 0.516574 0.000010
0.000010 0.488328 0.000010 0.511642 0.000010
0.000010 0.000010 0.000010 0.999960 0.000010
0.000010 0.000010 0.000010 0.999960 0.000010
0.000010 0.486160 0.000010 0.513810 0.000010
0.507064 0.000010 0.000010 0.492906 0.000010
0.535515 0.464455 0.000010 0.000010 0.000010
0.269743 0.000010 0.217529 0.489686 0.023031
0.266422 0.000010 0.000010 0.726998 0.006560
0.512749 0.000010 0.000010 0.487221 0.000010
0.000010 0.000010 0.547376 0.452594 0.000010
0.482635 0.000010 0.517329 0.000015 0.000010
0.000010 0.000010 0.000010 0.999960 0.000010
0.000010 0.485042 0.000010 0.514928 0.000010
0.517082 0.000010 0.000010 0.482888 0.000010
0.000010 0.473603 0.000010 0.526367 0.000010
0.514453 0.000010 0.000010 0.485517 0.000010
0.509461 0.000010 0.000010 0.483859 0.006659
0.514694 0.000010 0.000010 0.485276 0.000010
0.520250 0.000010 0.000010 0.479720 0.000010
0.517274 0.000010 0.000010 0.482260 0.000446
0.000010 0.506219 0.000010 0.493751 0.000010
0.000010 0.000010 0.000010 0.999960 0.000010
0.000016 0.489175 0.000010 0.510789 0.000010
0.473406 0.000010 0.526556 0.000018 0.000010
0.999960 0.000010 0.000010 0.000010 0.000010
0.527849 0.472121 0.000010 0.000010 0.000010
0.508084 0.000010 0.000010 0.491886 0.000010
0.000017 0.934340 0.065623 0.000010 0.000010
0.000010 0.000010 0.000010 0.999960 0.000010
0.000010 0.000010 0.000010 0.999960 0.000010
0.000010 0.000010 0.621358 0.378612 0.000010
0.000010 0.000010 0.481744 0.000010 0.518226
0.000010 0.000010 0.492917 0.000010 0.507053
0.000010 0.512557 0.000010 0.487413 0.000010
0.000010 0.513160 0.000010 0.486810 0.000010
0.000010 0.430264 0.000010 0.000010 0.569706
0.000010 0.456592 0.000010 0.000010 0.543378
0.000010 0.461486 0.000010 0.513327 0.025167
0.000010 0.000010 0.000010 0.999960 0.000010
0.000010 0.000010 0.000010 0.999960 0.000010
0.000010 0.000010 0.000010 0.999960 0.000010
0.000010 0.000010 0.000010 0.999960 0.000010
0.000010 0.000010 0.960013 0.039957 0.000010
0.000010 0.000010 0.000010 0.999960 0.000010
0.502444 0.000010 0.400630 0.096906 0.000010
0.000010 0.999954 0.000016 0.000010 0.000010
0.000010 0.999960 0.000010 0.000010 0.000010
0.000010 0.999960 0.000010 0.000010 0.000010
0.000010 0.999960 0.000010 0.000010 0.000010
0.000010 0.999960 0.000010 0.000010 0.000010
0.000010 0.419147 0.000010 0.000010 0.580823
0.000010 0.407362 0.000010 0.000010 0.592608
0.000010 0.408612 0.000010 0.000010 0.591358
0.000010 0.401479 0.000010 0.000010 0.598491
0.000010 0.411285 0.000010 0.000010 0.588685
0.000010 0.401666 0.000010 0.000010 0.598304
0.456968 0.000010 0.000010 0.000010 0.543002
0.000010 0.360089 0.109916 0.529974 0.000010
0.530745 0.469225 0.000010 0.000010 0.000010
0.000010 0.915421 0.084549 0.000010 0.000010
0.000010 0.479913 0.000010 0.519566 0.000501
0.000010 0.415938 0.000010 0.000010 0.584032
0.000010 0.404397 0.000010 0.000010 0.595573
0.000010 0.412964 0.000010 0.000010 0.587006
0.000010 0.422040 0.000010 0.000010 0.577930
0.000010 0.398178 0.000010 0.000010 0.601792
0.000010 0.000010 0.000010 0.379522 0.620448
0.000010 0.000010 0.000010 0.359805 0.640165
0.000010 0.000010 0.000010 0.373597 0.626373
0.000010 0.000010 0.000010 0.999960 0.000010
0.000010 0.000010 0.000010 0.999960 0.000010
0.000010 0.000010 0.000010 0.999960 0.000010
0.000010 0.000010 0.000010 0.999960 0.000010
0.000010 0.000010 0.000010 0.999960 0.000010
0.000010 0.000010 0.000010 0.999960 0.000010
0.524300 0.000010 0.032273 0.417168 0.026249
0.999960 0.000010 0.000010 0.000010 0.000010
0.475471 0.000018 0.524491 0.000010 0.000010
0.480041 0.000010 0.519929 0.000010 0.000010
0.000010 0.000010 0.539159 0.396962 0.063859
0.475840 0.000010 0.524130 0.000010 0.000010
0.000010 0.000010 0.000010 0.999960 0.000010
0.000010 0.000010 0.000010 0.999960 0.000010
0.000010 0.077931 0.000010 0.922039 0.000010
0.855587 0.000010 0.000010 0.144383 0.000010
0.999960 0.000010 0.000010 0.000010 0.000010
0.774876 0.000010 0.000010 0.225094 0.000010
0.826460 0.000010 0.000010 0.173510 0.000010
0.851916 0.000010 0.000010 0.148054 0.000010
0.682900 0.000010 0.000010 0.317070 0.000010
0.000010 0.000010 0.000010 0.999960 0.000010
0.509162 0.000017 0.424754 0.066057 0.000010
0.999960 0.000010 0.000010 0.000010 0.000010
0.000010 0.000010 0.000010 0.381035 0.618935
0.999960 0.000010 0.000010 0.000010 0.000010
0.000010 0.000010 0.553358 0.446612 0.000010
0.000010 0.000010 0.000010 0.326589 0.673381
0.000010 0.999960 0.000010 0.000010 0.000010
0.000010 0.413007 0.000010 0.000010 0.586963
0.000010 0.388222 0.020339 0.000010 0.591418
0.000010 0.000010 0.000010 0.380726 0.619244
0.000010 0.412159 0.000010 0.000010 0.587811
0.000010 0.000010 0.000010 0.368691 0.631279
0.000010 0.407385 0.000010 0.000010 0.592585
0.000010 0.418530 0.000010 0.000010 0.581440
0.000010 0.407985 0.000010 0.000010 0.591985
0.000010 0.410939 0.000010 0.000010 0.589031
0.000010 0.999953 0.000017 0.000010 0.000010
0.000010 0.999960 0.000010 0.000010 0.000010
0.000010 0.999960 0.000010 0.000010 0.000010
0.000010 0.419424 0.000010 0.000010 0.580546
0.000010 0.417592 0.000010 0.000010 0.582378
0.000010 0.419331 0.000010 0.000010 0.580639
0.000010 0.421069 0.000010 0.000010 0.578901
0.000010 0.422927 0.000010 0.577043 0.000010
0.000010 0.000010 0.000010 0.999960 0.000010
0.000010 0.084475 0.000010 0.915495 0.000010
0.000010 0.000010 0.000010 0.999960 0.000010
0.000010 0.083613 0.000010 0.916357 0.000010
0.000010 0.086501 0.000010 0.913469 0.000010
0.000010 0.999960 0.000010 0.000010 0.000010
0.000010 0.999956 0.000010 0.000014 0.000010
0.000010 0.999960 0.000010 0.000010 0.000010
0.000010 0.486643 0.053629 0.437846 0.021873
0.000010 0.999960 0.000010 0.000010 0.000010
0.000010 0.999960 0.000010 0.000010 0.000010
0.000010 0.999960 0.000010 0.000010 0.000010
0.000010 0.999960 0.000010 0.000010 0.000010
0.000010 0.999960 0.000010 0.000010 0.000010
0.000010 0.999960 0.000010 0.000010 0.000010
0.000010 0.999960 0.000010 0.000010 0.000010
0.000010 0.999960 0.000010 0.000010 0.000010
0.000010 0.444236 0.555733 0.000011 0.000010
0.554816 0.000010 0.000010 0.426849 0.018315
0.999960 0.000010 0.000010 0.000010 0.000010
0.999960 0.000010 0.000010 0.000010 0.000010
0.000010 0.000010 0.593818 0.406152 0.000010
0.999960 0.000010 0.000010 0.000010 0.000010
0.223708 0.000010 0.601239 0.175033 0.000010
0.483601 0.000010 0.516369 0.000010 0.000010
0.000010 0.000010 0.999951 0.000019 0.000010
0.000010 0.000010 0.610303 0.389667 0.000010
0.467016 0.000010 0.532954 0.000010 0.000010
0.000010 0.000010 0.999960 0.000010 0.000010
0.969311 0.000010 0.030659 0.000010 0.000010
0.466503 0.000013 0.533464 0.000010 0.000010
0.999955 0.000010 0.000010 0.000015 0.000010
0.999960 0.000010 0.000010 0.000010 0.000010
0.999956 0.000010 0.000012 0.000012 0.000010
0.999960 0.000010 0.000010 0.000010 0.000010
0.999960 0.000010 0.000010 0.000010 0.000010
0.999960 0.000010 0.000010 0.000010 0.000010
0.999958 0.000010 0.000011 0.000011 0.000010
