0.000013 0.000010 0.000010 0.000010 0.999910 0.000010 0.000010 0.000017 0.000010
0.000010 0.000010 0.560188 0.000010 0.000010 0.000010 0.000010 0.000010 0.439742
0.000010 0.000010 0.000010 0.000010 0.000010 0.000010 0.000010 0.999920 0.000010
0.000010 0.000010 0.000010 0.000010 0.000010 0.999920 0.000010 0.000010 0.000010
0.000010 0.000010 0.590982 0.000010 0.000010 0.000010 0.000010 0.408948 0.000010
0.000010 0.000010 0.000010 0.000010 0.999920 0.000010 0.000010 0.000010 0.000010
0.000010 0.000010 0.000010 0.000010 0.999920 0.000010 0.000010 0.000010 0.000010
0.000010 0.000010 0.000010 0.000010 0.000010 0.000010 0.000010 0.999920 0.000010
0.189852 0.000010 0.000010 0.000010 0.000010 0.782849 0.000010 0.000010 0.027239
0.000010 0.000010 0.000010 0.000010 0.000010 0.999920 0.000010 0.000010 0.000010
0.000010 0.000010 0.012003 0.000010 0.000010 0.297474 0.499987 0.190487 0.000010
0.000010 0.000010 0.000010 0.000010 0.000010 0.000010 0.000010 0.632596 0.367334
0.000010 0.000010 0.000010 0.000010 0.000010 0.000010 0.000010 0.000010 0.999920
0.000010 0.000010 0.000010 0.000010 0.000010 0.480029 0.000010 0.000010 0.519901
0.000010 0.027206 0.000010 0.026417 0.000010 0.000010 0.475609 0.470718 0.000010
0.000010 0.000010 0.000010 0.000010 0.000010 0.000010 0.498471 0.000010 0.501459
0.000010 0.000010 0.000010 0.000010 0.000010 0.561021 0.000010 0.000010 0.438909
0.033449 0.000010 0.000010 0.000010 0.000010 0.000010 0.505732 0.460759 0.000010
0.564844 0.000010 0.000010 0.002197 0.000010 0.000010 0.000010 0.432899 0.000010
0.558217 0.000010 0.000010 0.000010 0.000010 0.441713 0.000010 0.000010 0.000010
0.000010 0.000010 0.000010 0.000010 0.000010 0.000010 0.000010 0.523556 0.476374
0.000010 0.000010 0.000010 0.000010 0.000010 0.000010 0.000010 0.472933 0.526997
0.000010 0.000010 0.000010 0.000010 0.000010 0.999920 0.000010 0.000010 0.000010
0.000010 0.000010 0.000010 0.000010 0.000010 0.999920 0.000010 0.000010 0.000010
0.000010 0.000010 0.000010 0.000010 0.000010 0.000010 0.000010 0.512244 0.487686
0.000010 0.000010 0.000010 0.000010 0.000010 0.000010 0.501344 0.498586 0.000010
0.000010 0.000010 0.000010 0.000010 0.000010 0.000010 0.502047 0.000010 0.497883
0.468995 0.000010 0.000010 0.000010 0.000010 0.526410 0.000010 0.000010 0.004536
0.000010 0.000010 0.000010 0.000010 0.000010 0.999920 0.000010 0.000010 0.000010
0.000010 0.000010 0.000010 0.000010 0.000010 0.000010 0.499509 0.500421 0.000010
0.221201 0.000010 0.000010 0.000010 0.000010 0.778729 0.000010 0.000010 0.000010
0.016637 0.022114 0.000010 0.000010 0.000014 0.475982 0.485213 0.000010 0.000010
0.000010 0.000010 0.000010 0.000010 0.000010 0.999920 0.000010 0.000010 0.000010
0.000010 0.000010 0.000010 0.000010 0.000010 0.507813 0.000010 0.000010 0.492117
0.239994 0.000010 0.000010 0.000010 0.000010 0.000010 0.510300 0.249646 0.000010
0.000010 0.000010 0.023604 0.000010 0.076706 0.000010 0.000010 0.564277 0.335363
0.000010 0.000010 0.000010 0.000010 0.000010 0.500827 0.499103 0.000010 0.000010
0.000010 0.000010 0.000010 0.000010 0.000010 0.494115 0.505815 0.000010 0.000010
0.000010 0.000010 0.000010 0.000010 0.000010 0.285106 0.497879 0.216955 0.000010
0.000010 0.000010 0.000010 0.000010 0.000010 0.492969 0.506961 0.000010 0.000010
0.000010 0.000010 0.000010 0.000010 0.000010 0.491462 0.508468 0.000010 0.000010
0.000010 0.000010 0.000010 0.000010 0.000010 0.000010 0.000010 0.595220 0.404710
0.000010 0.000010 0.000010 0.000010 0.000010 0.999920 0.000010 0.000010 0.000010
0.000010 0.000010 0.000010 0.000010 0.492291 0.000010 0.000010 0.000010 0.507639
0.466168 0.000010 0.000010 0.000010 0.000010 0.052934 0.480838 0.000010 0.000010
0.030210 0.000010 0.000010 0.000010 0.000010 0.000010 0.969720 0.000010 0.000010
0.000010 0.021624 0.000010 0.000010 0.000010 0.000010 0.490741 0.000010 0.487575
0.000010 0.000010 0.000010 0.000010 0.000010 0.507657 0.492273 0.000010 0.000010
0.170964 0.000010 0.011211 0.000010 0.000010 0.000010 0.000010 0.000010 0.817765
0.000010 0.000010 0.000010 0.000010 0.999920 0.000010 0.000010 0.000010 0.000010
0.000010 0.000010 0.000010 0.000010 0.999920 0.000010 0.000010 0.000010 0.000010
0.528123 0.000010 0.000012 0.000010 0.000010 0.000010 0.000010 0.471805 0.000010
0.485622 0.000010 0.514308 0.000010 0.000010 0.000010 0.000010 0.000010 0.000010
0.483175 0.000010 0.516755 0.000010 0.000010 0.000010 0.000010 0.000010 0.000010
0.468896 0.000010 0.000010 0.000019 0.000010 0.000019 0.000010 0.000010 0.531016
0.467739 0.000010 0.000010 0.000010 0.000010 0.000019 0.000010 0.000010 0.532182
0.000010 0.000010 0.622983 0.000010 0.000010 0.000010 0.000010 0.005847 0.371110
0.000010 0.000010 0.559700 0.000010 0.000010 0.000010 0.000010 0.000010 0.440230
0.000010 0.000010 0.008320 0.000011 0.000010 0.000010 0.000010 0.505084 0.486536
0.069364 0.000010 0.000010 0.000010 0.000010 0.000010 0.000010 0.930566 0.000010
0.000010 0.000010 0.000010 0.000010 0.000010 0.000010 0.000010 0.999920 0.000010
0.000010 0.000010 0.000010 0.000010 0.000010 0.000010 0.000010 0.999920 0.000010
0.000010 0.000010 0.000010 0.000010 0.000010 0.999920 0.000010 0.000010 0.000010
0.879836 0.000010 0.000010 0.000010 0.000010 0.000010 0.000010 0.000010 0.120094
0.000010 0.000010 0.000010 0.999920 0.000010 0.000010 0.000010 0.000010 0.000010
0.511748 0.000010 0.000010 0.000010 0.000010 0.000010 0.488182 0.000010 0.000010
0.123017 0.000010 0.000010 0.000010 0.000010 0.163798 0.000010 0.000010 0.713125
0.199032 0.000010 0.000010 0.000010 0.000010 0.000010 0.000010 0.084808 0.716099
0.374935 0.000010 0.000010 0.000010 0.000010 0.000010 0.000010 0.000010 0.624995
0.047361 0.000010 0.000010 0.000010 0.000010 0.000010 0.000010 0.000010 0.952569
0.000010 0.000010 0.000010 0.000010 0.000010 0.000010 0.000010 0.000010 0.999920
0.000010 0.000010 0.552996 0.000010 0.000010 0.000010 0.000010 0.000010 0.446934
0.223305 0.000010 0.623972 0.000010 0.000010 0.000010 0.000010 0.000010 0.152663
0.104835 0.000010 0.545738 0.000010 0.000010 0.000014 0.000010 0.000010 0.349364
0.463133 0.000010 0.536797 0.000010 0.000010 0.000010 0.000010 0.000010 0.000010
0.000010 0.000010 0.569233 0.000010 0.000014 0.000010 0.000010 0.000010 0.430692
0.459550 0.000010 0.540380 0.000010 0.000010 0.000010 0.000010 0.000010 0.000010
0.000010 0.000010 0.507968 0.000010 0.000010 0.000010 0.491962 0.000010 0.000010
0.241437 0.000010 0.000010 0.000010 0.000010 0.758493 0.000010 0.000010 0.000010
0.000010 0.000010 0.000010 0.000010 0.000010 0.000010 0.500565 0.000010 0.499365
0.370544 0.000010 0.000010 0.000010 0.000010 0.000010 0.000010 0.062942 0.566455
0.000010 0.000010 0.000010 0.000010 0.000010 0.000010 0.000010 0.531460 0.468470
0.000010 0.000010 0.598152 0.000010 0.000010 0.032671 0.000010 0.000010 0.369117
0.000020 0.000010 0.610959 0.000010 0.000010 0.000010 0.000010 0.164277 0.224695
0.000020 0.000010 0.589373 0.000010 0.000010 0.000010 0.000010 0.000010 0.410547
0.000010 0.000010 0.525670 0.000010 0.000010 0.000020 0.000010 0.000010 0.474250
0.128183 0.000010 0.609868 0.000010 0.000010 0.261889 0.000010 0.000010 0.000010
0.000010 0.000010 0.595506 0.000010 0.000010 0.000010 0.000010 0.404424 0.000010
0.000010 0.000010 0.621594 0.000010 0.000010 0.378336 0.000010 0.000010 0.000010
0.000010 0.000010 0.600099 0.000010 0.000010 0.000010 0.000010 0.399831 0.000010
0.000010 0.000013 0.000010 0.308647 0.053276 0.638014 0.000010 0.000010 0.000010
0.000010 0.000010 0.000010 0.000010 0.000010 0.000010 0.000010 0.999920 0.000010
0.000010 0.000010 0.000010 0.000010 0.000010 0.999920 0.000010 0.000010 0.000010
0.000010 0.000010 0.000010 0.000010 0.000010 0.999920 0.000010 0.000010 0.000010
0.000010 0.000010 0.000010 0.000010 0.000010 0.999920 0.000010 0.000010 0.000010
0.000010 0.000010 0.000010 0.000010 0.000010 0.999920 0.000010 0.000010 0.000010
0.461676 0.000010 0.000010 0.000010 0.000010 0.000010 0.476293 0.061971 0.000010
0.000010 0.000010 0.000010 0.000010 0.000010 0.000010 0.999920 0.000010 0.000010
0.334520 0.000010 0.000010 0.000010 0.000010 0.155766 0.509654 0.000010 0.000010
0.498876 0.000010 0.000010 0.000010 0.000010 0.000010 0.501054 0.000010 0.000010
0.174658 0.000010 0.000010 0.000010 0.000010 0.815038 0.000010 0.000010 0.010244
0.394219 0.000010 0.000010 0.000010 0.000010 0.000010 0.505268 0.100454 0.000010
0.000010 0.000010 0.000010 0.173529 0.000010 0.000010 0.000010 0.826401 0.000010
0.000010 0.000010 0.000010 0.999920 0.000010 0.000010 0.000010 0.000010 0.000010
0.000010 0.000019 0.000010 0.999911 0.000010 0.000010 0.000010 0.000010 0.000010
0.000010 0.999914 0.000010 0.000010 0.000016 0.000010 0.000010 0.000010 0.000010
0.000010 0.999920 0.000010 0.000010 0.000010 0.000010 0.000010 0.000010 0.000010
0.000010 0.535214 0.000010 0.000010 0.000010 0.464716 0.000010 0.000010 0.000010
0.000010 0.999915 0.000010 0.000010 0.000012 0.000010 0.000013 0.000010 0.000010
0.000010 0.999917 0.000010 0.000010 0.000010 0.000013 0.000010 0.000010 0.000010
0.000010 0.999916 0.000010 0.000010 0.000010 0.000010 0.000014 0.000010 0.000010
0.000010 0.000010 0.000010 0.904351 0.000010 0.000010 0.000010 0.095579 0.000010
0.492822 0.000010 0.000010 0.000010 0.000010 0.000010 0.507108 0.000010 0.000010
0.000010 0.000010 0.000010 0.000010 0.000010 0.000010 0.999920 0.000010 0.000010
0.000010 0.000010 0.542722 0.000010 0.000010 0.000010 0.000010 0.457208 0.000010
0.000010 0.000010 0.000010 0.000010 0.000010 0.000010 0.999920 0.000010 0.000010
0.133511 0.000010 0.000010 0.000010 0.000010 0.711997 0.000010 0.000010 0.154433
0.412565 0.000010 0.587365 0.000010 0.000010 0.000010 0.000010 0.000010 0.000010
0.000010 0.000010 0.000010 0.000010 0.000010 0.000010 0.000010 0.088445 0.911485
0.000010 0.000010 0.583309 0.000010 0.000010 0.000010 0.000010 0.000010 0.416621
0.000010 0.000010 0.570749 0.000010 0.000010 0.000010 0.000010 0.000010 0.429181
0.000015 0.000010 0.611824 0.000010 0.105273 0.000010 0.000010 0.282838 0.000010
0.000010 0.000010 0.598622 0.000010 0.000010 0.000010 0.000010 0.000010 0.401308
0.000012 0.000010 0.623320 0.000010 0.000010 0.000012 0.000010 0.376607 0.000010
0.000018 0.000010 0.648127 0.000010 0.000010 0.000010 0.000010 0.025726 0.326080
0.000010 0.000010 0.553224 0.000010 0.000010 0.000010 0.000010 0.000010 0.446706
0.130234 0.000010 0.594714 0.000010 0.000010 0.000010 0.000010 0.000010 0.274992
0.225136 0.000010 0.588880 0.000010 0.000010 0.000010 0.000010 0.000010 0.185924
0.150352 0.000010 0.000010 0.000010 0.000010 0.000010 0.000010 0.000010 0.849578
0.553678 0.000010 0.000013 0.000010 0.000016 0.000010 0.000010 0.000010 0.446244
0.000010 0.000010 0.000010 0.000010 0.000010 0.000010 0.000010 0.000010 0.999920
0.000010 0.000010 0.555239 0.000010 0.000010 0.000010 0.000010 0.000010 0.444691
0.000010 0.000010 0.588694 0.000010 0.000010 0.000010 0.000010 0.000010 0.411236
0.000010 0.000010 0.542233 0.000010 0.000010 0.000010 0.000010 0.000010 0.457697
0.051492 0.000010 0.557097 0.000010 0.000010 0.000010 0.000010 0.000010 0.391351
0.000010 0.000010 0.000010 0.000010 0.727148 0.000010 0.000010 0.000010 0.272782
0.000010 0.000010 0.000010 0.999908 0.000013 0.000020 0.000010 0.000010 0.000010
0.000010 0.000010 0.000010 0.999920 0.000010 0.000010 0.000010 0.000010 0.000010
0.000010 0.000010 0.000010 0.987980 0.000010 0.000010 0.000010 0.011950 0.000010
0.000010 0.000010 0.000010 0.999920 0.000010 0.000010 0.000010 0.000010 0.000010
0.000010 0.000010 0.000010 0.999920 0.000010 0.000010 0.000010 0.000010 0.000010
0.000010 0.000010 0.000010 0.000010 0.000020 0.000010 0.000010 0.241699 0.758221
0.091305 0.000010 0.000010 0.000010 0.000010 0.000010 0.000010 0.000010 0.908625
0.000010 0.000010 0.000010 0.000010 0.000010 0.000011 0.000010 0.000010 0.999919
0.518681 0.000010 0.000010 0.000019 0.000010 0.000014 0.000010 0.000010 0.481236
0.108128 0.000010 0.000010 0.000014 0.062447 0.000010 0.000010 0.019694 0.809678
0.000010 0.000010 0.000010 0.000010 0.000010 0.037386 0.000010 0.000010 0.962544
0.124505 0.000010 0.000010 0.000010 0.000010 0.000010 0.000010 0.000010 0.875425
0.000010 0.000010 0.000010 0.000010 0.000010 0.053799 0.000010 0.000010 0.946131
0.000010 0.000010 0.000010 0.000010 0.000010 0.160566 0.000010 0.000010 0.839364
0.000010 0.000010 0.000010 0.000010 0.000010 0.000010 0.000010 0.000010 0.999920
0.156036 0.000010 0.000010 0.000018 0.000010 0.000010 0.000010 0.000010 0.843886
0.057907 0.000010 0.000010 0.000010 0.000010 0.000010 0.000010 0.000010 0.942023
0.436409 0.000010 0.000010 0.000010 0.000010 0.040686 0.000010 0.000010 0.522845
0.066082 0.000010 0.000010 0.000010 0.000010 0.000010 0.517186 0.416671 0.000010
0.000010 0.000010 0.000010 0.000010 0.000010 0.000010 0.999920 0.000010 0.000010
0.000010 0.034250 0.000017 0.000010 0.000020 0.000010 0.965663 0.000010 0.000010
0.199344 0.000010 0.000010 0.000010 0.000010 0.800586 0.000010 0.000010 0.000010
0.000010 0.000010 0.000010 0.000010 0.000010 0.000010 0.999920 0.000010 0.000010
0.521805 0.000010 0.000010 0.032750 0.000010 0.000010 0.000010 0.445385 0.000010
0.486551 0.000010 0.000010 0.000010 0.000010 0.000010 0.513379 0.000010 0.000010
0.999920 0.000010 0.000010 0.000010 0.000010 0.000010 0.000010 0.000010 0.000010
0.654574 0.000010 0.000010 0.000010 0.000010 0.254720 0.000010 0.000010 0.090646
0.390441 0.000010 0.000010 0.000010 0.000010 0.106718 0.502781 0.000010 0.000010
0.767339 0.000010 0.000010 0.000010 0.000010 0.232591 0.000010 0.000010 0.000010
0.000010 0.000010 0.000010 0.000010 0.000010 0.000010 0.999920 0.000010 0.000010
0.219656 0.000010 0.000010 0.000010 0.000010 0.274560 0.505723 0.000010 0.000010
0.000010 0.000010 0.000010 0.000010 0.000010 0.000010 0.999920 0.000010 0.000010
0.000010 0.000010 0.000010 0.000010 0.000010 0.000010 0.999920 0.000010 0.000010
0.000010 0.000010 0.000010 0.000010 0.000010 0.000010 0.999920 0.000010 0.000010
0.000010 0.002728 0.000017 0.000010 0.000010 0.000010 0.997194 0.000011 0.000010
0.000010 0.000010 0.000010 0.000010 0.000010 0.000010 0.999920 0.000010 0.000010
0.000010 0.000010 0.000010 0.000010 0.000010 0.000010 0.999920 0.000010 0.000010
0.000010 0.000010 0.000010 0.000010 0.000010 0.000010 0.999920 0.000010 0.000010
