0.000010 0.000010 0.000010 0.000010 0.000010 0.000010 0.000010 0.999930
0.374907 0.000010 0.000010 0.544635 0.000010 0.080408 0.000010 0.000010
0.000010 0.000010 0.000010 0.103877 0.000010 0.232198 0.042750 0.621135
0.000010 0.000010 0.000010 0.000010 0.000010 0.684789 0.000010 0.315151
0.000010 0.000010 0.000010 0.556933 0.000010 0.000010 0.000010 0.443007
0.000010 0.000010 0.000010 0.000010 0.000010 0.000010 0.000010 0.999930
0.000010 0.000010 0.000010 0.000010 0.000010 0.000010 0.000010 0.999930
0.000010 0.000010 0.999930 0.000010 0.000010 0.000010 0.000010 0.000010
0.106463 0.000010 0.000010 0.059280 0.000010 0.740412 0.000010 0.093805
0.000010 0.000010 0.000010 0.003150 0.000010 0.079515 0.000010 0.917286
0.000010 0.345486 0.000010 0.000010 0.000010 0.181497 0.037501 0.435477
0.480315 0.000010 0.000010 0.000010 0.038539 0.000010 0.000010 0.481095
0.999930 0.000010 0.000010 0.000010 0.000010 0.000010 0.000010 0.000010
0.000010 0.000010 0.905997 0.000010 0.000010 0.000010 0.000010 0.093943
0.000010 0.507946 0.000010 0.000010 0.000010 0.000010 0.000010 0.491994
0.414587 0.388596 0.000010 0.000015 0.014716 0.148259 0.000010 0.033807
0.374741 0.000010 0.267576 0.000010 0.000010 0.000010 0.000010 0.357633
0.000010 0.539074 0.058430 0.000010 0.000010 0.000010 0.000010 0.402446
0.000010 0.000010 0.000010 0.056774 0.000010 0.239235 0.000010 0.703941
0.000010 0.000010 0.000010 0.143004 0.077625 0.195213 0.000010 0.584118
0.318938 0.000010 0.089304 0.000010 0.000010 0.000010 0.000010 0.591708
0.477355 0.000013 0.000010 0.000010 0.069801 0.000010 0.023251 0.429549
0.000010 0.000010 0.000010 0.000010 0.000010 0.000010 0.000010 0.999930
0.000018 0.000010 0.000010 0.000010 0.000014 0.000010 0.038380 0.961547
0.383765 0.000010 0.355386 0.000010 0.000010 0.000010 0.034526 0.226282
0.000010 0.354760 0.000010 0.000010 0.028324 0.132771 0.000010 0.484105
0.407827 0.556930 0.000010 0.000010 0.000010 0.000010 0.000010 0.035193
0.000010 0.479488 0.000010 0.091140 0.017189 0.143690 0.000010 0.268462
0.016722 0.528361 0.000010 0.000010 0.000010 0.000010 0.000010 0.454867
0.000010 0.522148 0.000010 0.000010 0.000010 0.000010 0.000010 0.477792
0.000010 0.000010 0.000010 0.000010 0.000010 0.534899 0.041353 0.423698
0.000010 0.511936 0.000010 0.000010 0.000010 0.488004 0.000010 0.000010
0.000010 0.000010 0.000010 0.000010 0.000010 0.000010 0.000010 0.999930
0.414898 0.000010 0.235018 0.000010 0.000010 0.000010 0.000010 0.350035
0.000010 0.423943 0.000010 0.000010 0.028682 0.051228 0.000010 0.496107
0.321645 0.000010 0.342317 0.000010 0.000010 0.000010 0.000010 0.335988
0.000010 0.449965 0.000010 0.000010 0.000010 0.028445 0.000010 0.521541
0.000010 0.515437 0.000010 0.000010 0.000010 0.000010 0.000010 0.484503
0.000010 0.532178 0.097326 0.000010 0.000015 0.000010 0.000010 0.370441
0.000010 0.477532 0.028960 0.009950 0.000010 0.042793 0.000010 0.440735
0.000010 0.516460 0.000010 0.000010 0.000010 0.000010 0.000010 0.483480
0.999930 0.000010 0.000010 0.000010 0.000010 0.000010 0.000010 0.000010
0.000010 0.000010 0.000010 0.000010 0.000010 0.078438 0.042470 0.879042
0.000010 0.000010 0.999930 0.000010 0.000010 0.000010 0.000010 0.000010
0.000010 0.491814 0.000010 0.000016 0.000010 0.000010 0.000010 0.508120
0.000010 0.999930 0.000010 0.000010 0.000010 0.000010 0.000010 0.000010
0.526496 0.473444 0.000010 0.000010 0.000010 0.000010 0.000010 0.000010
0.000010 0.516942 0.000010 0.000010 0.000010 0.000010 0.000069 0.482940
0.892541 0.000010 0.000010 0.000010 0.000010 0.000010 0.000010 0.107399
0.000010 0.000010 0.000010 0.000010 0.000010 0.000010 0.000010 0.999930
0.000010 0.000010 0.000010 0.000010 0.000010 0.000010 0.000010 0.999930
0.000010 0.000010 0.000010 0.000010 0.000010 0.554383 0.031752 0.413815
0.000010 0.000010 0.000010 0.497965 0.000010 0.501975 0.000010 0.000010
0.000010 0.000010 0.000010 0.505003 0.000010 0.494937 0.000010 0.000010
0.000010 0.000010 0.999930 0.000010 0.000010 0.000010 0.000010 0.000010
0.000010 0.000010 0.999930 0.000010 0.000010 0.000010 0.000010 0.000010
0.471784 0.000010 0.000010 0.528156 0.000010 0.000010 0.000010 0.000010
0.523789 0.000010 0.000010 0.476151 0.000010 0.000010 0.000010 0.000010
0.000010 0.000010 0.999930 0.000010 0.000010 0.000010 0.000010 0.000010
0.000010 0.000010 0.000010 0.000010 0.000010 0.000010 0.000010 0.999930
0.000010 0.000010 0.000010 0.000010 0.028292 0.000010 0.000010 0.971648
0.000010 0.000010 0.000010 0.000010 0.000011 0.000010 0.000010 0.999929
0.000010 0.000010 0.000010 0.000010 0.000010 0.000010 0.000010 0.999930
0.000010 0.000010 0.000010 0.090608 0.000010 0.671512 0.000010 0.237830
0.000010 0.000010 0.000010 0.000010 0.999930 0.000010 0.000010 0.000010
0.000010 0.482345 0.000010 0.065650 0.000010 0.272469 0.000010 0.179496
0.629328 0.000010 0.370612 0.000010 0.000010 0.000010 0.000010 0.000010
0.999930 0.000010 0.000010 0.000010 0.000010 0.000010 0.000010 0.000010
0.596020 0.000010 0.403920 0.000010 0.000010 0.000010 0.000010 0.000010
0.999930 0.000010 0.000010 0.000010 0.000010 0.000010 0.000010 0.000010
0.999930 0.000010 0.000010 0.000010 0.000010 0.000010 0.000010 0.000010
0.231472 0.000010 0.219652 0.548826 0.000010 0.000010 0.000010 0.000010
0.379117 0.000010 0.051723 0.559981 0.000010 0.000010 0.009139 0.000010
0.257350 0.000010 0.185958 0.556642 0.000010 0.000010 0.000010 0.000010
0.336880 0.000010 0.000010 0.485988 0.000010 0.177082 0.000010 0.000010
0.291750 0.000010 0.144267 0.563933 0.000010 0.000010 0.000010 0.000010
0.438386 0.000010 0.000010 0.561554 0.000010 0.000010 0.000010 0.000010
0.000010 0.490719 0.000010 0.509221 0.000010 0.000010 0.000010 0.000010
0.372274 0.000010 0.278658 0.000010 0.000010 0.000010 0.023466 0.325562
0.475384 0.524556 0.000010 0.000010 0.000010 0.000010 0.000010 0.000010
0.999930 0.000010 0.000010 0.000010 0.000010 0.000010 0.000010 0.000010
0.000010 0.000010 0.947761 0.009834 0.000010 0.042355 0.000010 0.000010
0.372146 0.000010 0.079759 0.548045 0.000010 0.000010 0.000010 0.000010
0.371334 0.000010 0.084280 0.544336 0.000010 0.000010 0.000010 0.000010
0.483939 0.000010 0.000010 0.516001 0.000010 0.000010 0.000010 0.000010
0.470824 0.000010 0.000010 0.529116 0.000010 0.000010 0.000010 0.000010
0.459969 0.000010 0.000010 0.539971 0.000010 0.000010 0.000010 0.000010
0.000010 0.000010 0.000010 0.536061 0.025317 0.000010 0.000010 0.438572
0.000010 0.000010 0.000010 0.546524 0.000010 0.000010 0.000010 0.453416
0.000010 0.000010 0.000010 0.558372 0.000010 0.000010 0.000010 0.441568
0.098527 0.000013 0.000010 0.000010 0.000010 0.076679 0.007274 0.817476
0.000010 0.000010 0.000010 0.000010 0.000010 0.000010 0.011962 0.987978
0.000010 0.000010 0.000010 0.000010 0.041066 0.000010 0.000010 0.958874
0.000010 0.000010 0.000010 0.000010 0.000010 0.000010 0.000010 0.999930
0.000010 0.000010 0.000010 0.000010 0.000010 0.000010 0.000010 0.999930
0.000010 0.000010 0.030712 0.000010 0.000010 0.000010 0.000010 0.969228
0.000010 0.531632 0.000010 0.000010 0.078468 0.057774 0.022666 0.309430
0.000010 0.897925 0.000010 0.000010 0.000010 0.102015 0.000010 0.000010
0.000010 0.457501 0.000010 0.000010 0.000010 0.474872 0.067577 0.000010
0.000010 0.574194 0.000010 0.000010 0.000010 0.425746 0.000010 0.000010
0.000010 0.000010 0.000010 0.582435 0.000010 0.314707 0.012031 0.090787
0.000010 0.528617 0.000010 0.000010 0.000010 0.471323 0.000010 0.000010
0.000010 0.000010 0.000010 0.000010 0.999930 0.000010 0.000010 0.000010
0.000010 0.000010 0.000010 0.000010 0.999930 0.000010 0.000010 0.000010
0.000010 0.000010 0.000010 0.000010 0.999930 0.000010 0.000010 0.000010
0.000010 0.474532 0.000010 0.000010 0.000010 0.000010 0.525408 0.000010
0.000010 0.999930 0.000010 0.000010 0.000010 0.000010 0.000010 0.000010
0.000010 0.999930 0.000010 0.000010 0.000010 0.000010 0.000010 0.000010
0.000010 0.470718 0.000010 0.000010 0.000010 0.000010 0.529222 0.000010
0.000010 0.466698 0.000010 0.000010 0.000010 0.000010 0.533242 0.000010
0.000010 0.000010 0.000010 0.000010 0.000010 0.000010 0.999930 0.000010
0.000012 0.000010 0.000010 0.000010 0.999928 0.000010 0.000010 0.000010
0.000010 0.455986 0.000010 0.064804 0.000010 0.291960 0.000010 0.187209
0.000010 0.999930 0.000010 0.000010 0.000010 0.000010 0.000010 0.000010
0.000010 0.000010 0.000010 0.585014 0.000010 0.000010 0.037431 0.377504
0.000010 0.999930 0.000010 0.000010 0.000010 0.000010 0.000010 0.000010
0.000010 0.000010 0.000010 0.000010 0.000010 0.563346 0.000010 0.436594
0.000010 0.000010 0.000010 0.558139 0.000010 0.441801 0.000010 0.000010
0.999930 0.000010 0.000010 0.000010 0.000010 0.000010 0.000010 0.000010
0.490209 0.000010 0.000010 0.509723 0.000018 0.000010 0.000010 0.000010
0.343918 0.000010 0.115323 0.540708 0.000010 0.000010 0.000010 0.000010
0.000010 0.000010 0.000010 0.534460 0.000010 0.000010 0.000010 0.465480
0.459828 0.000010 0.000010 0.540112 0.000010 0.000010 0.000010 0.000010
0.000010 0.000010 0.000010 0.564480 0.000010 0.000010 0.000010 0.435460
0.461459 0.000010 0.000010 0.538481 0.000010 0.000010 0.000010 0.000010
0.208278 0.000010 0.238267 0.553405 0.000010 0.000010 0.000010 0.000010
0.459219 0.000010 0.000010 0.540721 0.000010 0.000010 0.000010 0.000010
0.472428 0.000010 0.000010 0.527512 0.000010 0.000010 0.000010 0.000010
0.999930 0.000010 0.000010 0.000010 0.000010 0.000010 0.000010 0.000010
0.999930 0.000010 0.000010 0.000010 0.000010 0.000010 0.000010 0.000010
0.896863 0.000010 0.000010 0.000010 0.000010 0.000010 0.000010 0.103077
0.459891 0.000010 0.000010 0.540049 0.000010 0.000010 0.000010 0.000010
0.444627 0.000010 0.000010 0.555313 0.000010 0.000010 0.000010 0.000010
0.320089 0.000010 0.122254 0.557607 0.000010 0.000010 0.000010 0.000010
0.434741 0.000010 0.000010 0.565199 0.000010 0.000010 0.000010 0.000010
0.350903 0.000010 0.000010 0.000010 0.000010 0.000010 0.013357 0.635690
0.000010 0.000010 0.000010 0.000010 0.999930 0.000010 0.000010 0.000010
0.000010 0.000010 0.000010 0.000010 0.481051 0.000010 0.000010 0.518889
0.000010 0.000010 0.000010 0.000010 0.999930 0.000010 0.000010 0.000010
0.000010 0.000010 0.000010 0.000010 0.999930 0.000010 0.000010 0.000010
0.000010 0.000010 0.000010 0.000010 0.718516 0.000010 0.000010 0.281424
0.162391 0.000010 0.837549 0.000010 0.000010 0.000010 0.000010 0.000010
0.612918 0.000010 0.387022 0.000010 0.000010 0.000010 0.000010 0.000010
0.999930 0.000010 0.000010 0.000010 0.000010 0.000010 0.000010 0.000010
0.388772 0.000010 0.149409 0.131750 0.000010 0.142638 0.015383 0.172028
0.999921 0.000010 0.000010 0.000010 0.000010 0.000010 0.000019 0.000010
0.999930 0.000010 0.000010 0.000010 0.000010 0.000010 0.000010 0.000010
0.999930 0.000010 0.000010 0.000010 0.000010 0.000010 0.000010 0.000010
0.808458 0.000010 0.000010 0.000010 0.000010 0.000010 0.000010 0.191482
0.999930 0.000010 0.000010 0.000010 0.000010 0.000010 0.000010 0.000010
0.999930 0.000010 0.000010 0.000010 0.000010 0.000010 0.000010 0.000010
0.244510 0.000010 0.755426 0.000010 0.000010 0.000010 0.000014 0.000010
0.859823 0.000010 0.140117 0.000010 0.000010 0.000010 0.000010 0.000010
0.600212 0.000010 0.000010 0.000010 0.000010 0.399728 0.000010 0.000010
0.001898 0.582678 0.000010 0.000010 0.025096 0.053323 0.000010 0.336974
0.000010 0.999930 0.000010 0.000010 0.000010 0.000010 0.000010 0.000010
0.000010 0.999930 0.000010 0.000010 0.000010 0.000010 0.000010 0.000010
0.000010 0.000010 0.000010 0.000010 0.000010 0.611583 0.023266 0.365102
0.000010 0.999930 0.000010 0.000010 0.000010 0.000010 0.000010 0.000010
0.000010 0.586105 0.000010 0.000010 0.000010 0.413835 0.000010 0.000010
0.000010 0.544977 0.000010 0.000010 0.000010 0.454963 0.000010 0.000010
0.000010 0.000010 0.000010 0.000010 0.000010 0.999930 0.000010 0.000010
0.000010 0.000010 0.000010 0.119377 0.000010 0.880563 0.000010 0.000010
0.000010 0.454972 0.000010 0.000010 0.000010 0.544968 0.000010 0.000010
0.000010 0.000010 0.000010 0.000010 0.000010 0.798815 0.201125 0.000010
0.167772 0.576536 0.108591 0.000010 0.000010 0.128272 0.006149 0.012661
0.000010 0.448607 0.000010 0.000010 0.000010 0.551333 0.000010 0.000010
0.000010 0.999930 0.000010 0.000010 0.000010 0.000010 0.000010 0.000010
0.000010 0.999929 0.000010 0.000010 0.000010 0.000011 0.000010 0.000010
0.000010 0.999930 0.000010 0.000010 0.000010 0.000010 0.000010 0.000010
0.000010 0.999930 0.000010 0.000010 0.000010 0.000010 0.000010 0.000010
0.000010 0.999923 0.000010 0.000017 0.000010 0.000010 0.000010 0.000010
0.000010 0.999930 0.000010 0.000010 0.000010 0.000010 0.000010 0.000010
0.000010 0.999930 0.000010 0.000010 0.000010 0.000010 0.000010 0.000010
