0.000010 0.000010 0.000010 0.999960 0.000010
0.000010 0.481799 0.000010 0.000010 0.518171
0.000010 0.000010 0.000010 0.927763 0.072207
0.000010 0.000010 0.010271 0.913756 0.075952
0.000010 0.000010 0.000010 0.451696 0.548274
0.000010 0.000010 0.000010 0.999960 0.000010
0.000010 0.000010 0.000010 0.999960 0.000010
0.000010 0.448932 0.000010 0.551038 0.000010
0.000010 0.000010 0.700532 0.279831 0.019618
0.000010 0.000010 0.000010 0.983409 0.016561
0.494150 0.000010 0.000010 0.485882 0.019948
0.000010 0.492547 0.000010 0.507423 0.000010
0.000010 0.999960 0.000010 0.000010 0.000010
0.000010 0.500894 0.000010 0.499076 0.000010
0.505789 0.000010 0.000010 0.494181 0.000010
0.496277 0.503693 0.000010 0.000010 0.000010
0.000010 0.502703 0.000010 0.497267 0.000010
0.511702 0.000010 0.000010 0.488268 0.000010
0.042747 0.000010 0.317017 0.640216 0.000010
0.000010 0.000010 0.070489 0.823623 0.105868
0.000010 0.493383 0.002693 0.503903 0.000010
0.000010 0.512495 0.000010 0.487475 0.000010
0.000010 0.000010 0.000010 0.999960 0.000010
0.000010 0.000010 0.000010 0.999960 0.000010
0.000010 0.509445 0.000010 0.490525 0.000010
0.493012 0.000010 0.000010 0.497151 0.009817
0.509294 0.490676 0.000010 0.000010 0.000010
0.218466 0.000010 0.270969 0.464108 0.046448
0.217606 0.000010 0.000010 0.767829 0.014545
0.506221 0.000010 0.000010 0.493749 0.000010
0.000010 0.000010 0.490620 0.509350 0.000010
0.511788 0.000010 0.488182 0.000010 0.000010
0.000010 0.000010 0.000010 0.999960 0.000010
0.000010 0.508032 0.000010 0.491938 0.000010
0.502105 0.000010 0.018910 0.473400 0.005575
0.000010 0.491022 0.000010 0.508948 0.000010
0.499113 0.000010 0.000010 0.500857 0.000010
0.504529 0.000010 0.000010 0.495441 0.000010
0.504730 0.000010 0.000010 0.495240 0.000010
0.504884 0.000010 0.000010 0.495086 0.000010
0.508018 0.000010 0.000010 0.491952 0.000010
0.000010 0.530834 0.000010 0.469136 0.000010
0.000010 0.000010 0.000010 0.999960 0.000010
0.000010 0.505796 0.000010 0.494174 0.000010
0.501009 0.000010 0.498959 0.000012 0.000010
0.999960 0.000010 0.000010 0.000010 0.000010
0.501886 0.498084 0.000010 0.000010 0.000010
0.502594 0.000010 0.000010 0.497376 0.000010
0.000010 0.870352 0.129618 0.000010 0.000010
0.000010 0.000010 0.000010 0.999960 0.000010
0.000010 0.000010 0.000010 0.999960 0.000010
0.000010 0.000010 0.530116 0.469854 0.000010
0.000010 0.000010 0.496201 0.000010 0.503769
0.000010 0.000010 0.493440 0.000010 0.506530
0.000010 0.550676 0.000013 0.449291 0.000010
0.000010 0.549685 0.000010 0.450285 0.000010
0.000010 0.482047 0.000010 0.000010 0.517923
0.000010 0.503807 0.000010 0.000010 0.496163
0.000010 0.497535 0.000010 0.478559 0.023886
0.000010 0.000010 0.000010 0.999960 0.000010
0.000017 0.000010 0.000010 0.999953 0.000010
0.000013 0.000010 0.000010 0.999957 0.000010
0.000010 0.000010 0.000010 0.999960 0.000010
0.021489 0.000010 0.835870 0.142621 0.000010
0.000010 0.000010 0.000017 0.999953 0.000010
0.515232 0.000010 0.326805 0.149188 0.008765
0.000010 0.999960 0.000010 0.000010 0.000010
0.000010 0.997654 0.002316 0.000010 0.000010
0.000010 0.999960 0.000010 0.000010 0.000010
0.000010 0.999960 0.000010 0.000010 0.000010
0.000010 0.999960 0.000010 0.000010 0.000010
0.000010 0.486784 0.000010 0.000010 0.513186
0.000010 0.467541 0.000010 0.000010 0.532429
0.000010 0.474775 0.000011 0.000010 0.525194
0.000010 0.433206 0.035196 0.000010 0.531578
0.000010 0.479351 0.000010 0.000010 0.520619
0.000010 0.416555 0.060623 0.000010 0.522803
0.498456 0.000010 0.000010 0.000010 0.501514
0.000010 0.286093 0.207187 0.506700 0.000010
0.504031 0.495937 0.000012 0.000010 0.000010
0.000010 0.832093 0.167877 0.000010 0.000010
0.000010 0.493981 0.015643 0.476787 0.013580
0.000010 0.478625 0.000010 0.000010 0.521345
0.000010 0.466290 0.000010 0.000010 0.533680
0.000010 0.486530 0.000010 0.000010 0.513440
0.000010 0.493746 0.000010 0.000010 0.506224
0.000010 0.450843 0.000010 0.000010 0.549127
0.000010 0.000010 0.000010 0.462599 0.537371
0.000010 0.000010 0.000010 0.433996 0.565974
0.000010 0.000010 0.000010 0.446192 0.553778
0.000013 0.000010 0.000010 0.999957 0.000010
0.000010 0.000010 0.000010 0.999960 0.000010
0.000011 0.000010 0.000010 0.999959 0.000010
0.000010 0.000010 0.000010 0.999960 0.000010
0.000010 0.000010 0.000010 0.999960 0.000010
0.000010 0.000010 0.000010 0.999960 0.000010
0.504301 0.000010 0.056170 0.412605 0.026914
0.999960 0.000010 0.000010 0.000010 0.000010
0.505175 0.000010 0.494795 0.000010 0.000010
0.512325 0.000010 0.487645 0.000010 0.000010
0.000010 0.000010 0.473651 0.380701 0.145627
0.506679 0.000010 0.493291 0.000010 0.000010
0.000010 0.000010 0.000010 0.999960 0.000010
0.000010 0.000010 0.000011 0.999959 0.000010
0.000011 0.000010 0.342136 0.657833 0.000010
0.804481 0.000010 0.000010 0.195489 0.000010
0.999960 0.000010 0.000010 0.000010 0.000010
0.678667 0.000010 0.000010 0.321303 0.000010
0.755876 0.000010 0.000010 0.244094 0.000010
0.804317 0.000010 0.000010 0.195653 0.000010
0.597456 0.000010 0.000010 0.402514 0.000010
0.000010 0.000010 0.000010 0.999960 0.000010
0.563351 0.000010 0.310116 0.126513 0.000010
0.999960 0.000010 0.000010 0.000010 0.000010
0.000010 0.000010 0.000010 0.444426 0.555544
0.999960 0.000010 0.000010 0.000010 0.000010
0.000010 0.000010 0.489869 0.510101 0.000010
0.000010 0.000010 0.034679 0.335216 0.630085
0.000010 0.999958 0.000012 0.000010 0.000010
0.000010 0.484341 0.000010 0.000010 0.515629
0.000010 0.418117 0.065854 0.000010 0.516009
0.000010 0.000010 0.000010 0.454352 0.545618
0.000010 0.483166 0.000010 0.000010 0.516804
0.000010 0.000010 0.000010 0.443389 0.556581
0.000010 0.470170 0.000010 0.000010 0.529800
0.000010 0.482715 0.000015 0.000010 0.517250
0.000010 0.472273 0.000010 0.000010 0.527696
0.000010 0.473689 0.000010 0.000010 0.526281
0.000010 0.999960 0.000010 0.000010 0.000010
0.000010 0.999960 0.000010 0.000010 0.000010
0.000010 0.999960 0.000010 0.000010 0.000010
0.000010 0.490685 0.000010 0.000010 0.509285
0.000010 0.482797 0.000010 0.000010 0.517173
0.000010 0.486275 0.000010 0.000010 0.513695
0.000010 0.487326 0.000010 0.000010 0.512644
0.000010 0.470217 0.000010 0.529753 0.000010
0.000010 0.000010 0.000010 0.999960 0.000010
0.000010 0.000010 0.348508 0.651462 0.000010
0.000010 0.000010 0.000012 0.999958 0.000010
0.000010 0.000010 0.363317 0.636653 0.000010
0.000010 0.000010 0.355064 0.644906 0.000010
0.000010 0.999960 0.000010 0.000010 0.000010
0.000010 0.999960 0.000010 0.000010 0.000010
0.000010 0.999960 0.000010 0.000010 0.000010
0.000010 0.507966 0.051074 0.379286 0.061665
0.000010 0.999960 0.000010 0.000010 0.000010
0.000010 0.999957 0.000013 0.000010 0.000010
0.000010 0.999960 0.000010 0.000010 0.000010
0.000010 0.999960 0.000010 0.000010 0.000010
0.000010 0.999960 0.000010 0.000010 0.000010
0.000010 0.999960 0.000010 0.000010 0.000010
0.000010 0.999960 0.000010 0.000010 0.000010
0.000010 0.999960 0.000010 0.000010 0.000010
0.000010 0.519811 0.480159 0.000010 0.000010
0.531502 0.000010 0.000010 0.464139 0.004339
0.999960 0.000010 0.000010 0.000010 0.000010
0.999960 0.000010 0.000010 0.000010 0.000010
0.000010 0.000010 0.502187 0.497783 0.000010
0.999960 0.000010 0.000010 0.000010 0.000010
0.208705 0.000010 0.557128 0.234148 0.000010
0.511601 0.000010 0.488369 0.000010 0.000010
0.000010 0.000010 0.999960 0.000010 0.000010
0.000010 0.000010 0.559372 0.388304 0.052303
0.496058 0.000010 0.503912 0.000010 0.000010
0.000010 0.000010 0.999960 0.000010 0.000010
0.999960 0.000010 0.000010 0.000010 0.000010
0.502661 0.000010 0.497309 0.000010 0.000010
0.999960 0.000010 0.000010 0.000010 0.000010
0.999960 0.000010 0.000010 0.000010 0.000010
0.999960 0.000010 0.000010 0.000010 0.000010
0.999956 0.000010 0.000010 0.000014 0.000010
0.999960 0.000010 0.000010 0.000010 0.000010
0.999955 0.000015 0.000010 0.000010 0.000010
0.999960 0.000010 0.000010 0.000010 0.000010
