0.000010 0.999940 0.000010 0.000010 0.000010 0.000010 0.000010
0.375522 0.000010 0.000010 0.000010 0.544279 0.080159 0.000010
0.000010 0.658351 0.000010 0.000010 0.104442 0.237167 0.000010
0.000010 0.310702 0.000010 0.000010 0.000010 0.689248 0.000010
0.000010 0.436451 0.000010 0.000010 0.563499 0.000010 0.000010
0.000010 0.999940 0.000010 0.000010 0.000010 0.000010 0.000010
0.000010 0.999940 0.000010 0.000010 0.000010 0.000010 0.000010
0.473729 0.458094 0.000010 0.042774 0.000010 0.025373 0.000010
0.097767 0.086249 0.000010 0.000010 0.061471 0.754483 0.000010
0.000010 0.912495 0.000010 0.000010 0.007308 0.080158 0.000010
0.000010 0.474813 0.000010 0.000010 0.000010 0.190187 0.334960
0.483615 0.466597 0.000010 0.049748 0.000010 0.000010 0.000010
0.999940 0.000010 0.000010 0.000010 0.000010 0.000010 0.000010
0.419728 0.512075 0.000010 0.068157 0.000010 0.000010 0.000010
0.000010 0.482820 0.318645 0.000010 0.000010 0.000010 0.198496
0.441997 0.000010 0.463981 0.000011 0.003985 0.090007 0.000010
0.514037 0.485913 0.000010 0.000010 0.000010 0.000010 0.000010
0.000010 0.468426 0.000010 0.000010 0.000010 0.000010 0.531524
0.000017 0.700969 0.000010 0.000010 0.058785 0.240199 0.000010
0.000010 0.574333 0.000010 0.083868 0.144592 0.197177 0.000010
0.373105 0.626845 0.000010 0.000010 0.000010 0.000010 0.000010
0.480316 0.454424 0.000010 0.065221 0.000010 0.000010 0.000010
0.000010 0.999940 0.000010 0.000010 0.000010 0.000010 0.000010
0.000010 0.999940 0.000010 0.000010 0.000010 0.000010 0.000010
0.563592 0.436358 0.000010 0.000010 0.000010 0.000010 0.000010
0.000010 0.484291 0.284768 0.026110 0.000010 0.106568 0.098243
0.432794 0.018464 0.100285 0.000010 0.000010 0.000010 0.448426
0.000010 0.252891 0.290756 0.020285 0.097408 0.140354 0.198295
0.000010 0.446194 0.549972 0.000010 0.000010 0.000010 0.003794
0.000010 0.490344 0.060986 0.000010 0.000010 0.000010 0.448630
0.000010 0.462162 0.000010 0.000010 0.000010 0.537788 0.000010
0.000010 0.000010 0.404806 0.000010 0.000010 0.469744 0.125410
0.000010 0.999940 0.000010 0.000010 0.000010 0.000010 0.000010
0.547911 0.436016 0.000010 0.016033 0.000010 0.000010 0.000010
0.000010 0.489741 0.186318 0.035690 0.000010 0.046466 0.241765
0.520952 0.478998 0.000010 0.000010 0.000010 0.000010 0.000010
0.000010 0.509827 0.323422 0.000167 0.000010 0.026293 0.140272
0.000010 0.453824 0.546126 0.000010 0.000010 0.000010 0.000010
0.000010 0.478367 0.000010 0.000010 0.000010 0.000010 0.521583
0.000010 0.471724 0.000010 0.000010 0.006403 0.049248 0.472596
0.000010 0.464529 0.526293 0.000010 0.000010 0.000010 0.009138
0.999927 0.000010 0.000010 0.000010 0.000019 0.000014 0.000010
0.000010 0.921008 0.000010 0.000010 0.000010 0.078942 0.000010
0.519549 0.480401 0.000010 0.000010 0.000010 0.000010 0.000010
0.000010 0.479370 0.520580 0.000010 0.000010 0.000010 0.000010
0.000010 0.000010 0.614126 0.000010 0.000010 0.000010 0.385824
0.502071 0.000010 0.497879 0.000010 0.000010 0.000010 0.000010
0.000010 0.492425 0.113665 0.000010 0.000010 0.000010 0.393870
0.915957 0.083993 0.000010 0.000010 0.000010 0.000010 0.000010
0.000010 0.999940 0.000010 0.000010 0.000010 0.000010 0.000010
0.000010 0.999940 0.000010 0.000010 0.000010 0.000010 0.000010
0.000010 0.445724 0.000010 0.000010 0.000010 0.554226 0.000010
0.000010 0.000010 0.000010 0.000013 0.498160 0.501787 0.000010
0.000010 0.000010 0.000010 0.000014 0.505122 0.494824 0.000010
0.507527 0.492421 0.000010 0.000010 0.000012 0.000010 0.000010
0.514156 0.485793 0.000010 0.000010 0.000011 0.000010 0.000010
0.463084 0.000010 0.000010 0.000010 0.536866 0.000010 0.000010
0.516139 0.000010 0.000010 0.000010 0.483811 0.000010 0.000010
0.538777 0.412933 0.000010 0.000010 0.039921 0.008339 0.000010
0.000010 0.999940 0.000010 0.000010 0.000010 0.000010 0.000010
0.000010 0.945145 0.000010 0.054805 0.000010 0.000010 0.000010
0.000010 0.967983 0.000010 0.031967 0.000010 0.000010 0.000010
0.000010 0.999940 0.000010 0.000010 0.000010 0.000010 0.000010
0.000010 0.230977 0.000010 0.000010 0.092798 0.676185 0.000010
0.000010 0.000010 0.000010 0.999940 0.000010 0.000010 0.000010
0.000010 0.179434 0.000010 0.000010 0.069196 0.279729 0.471611
0.890171 0.109779 0.000010 0.000010 0.000010 0.000010 0.000010
0.999940 0.000010 0.000010 0.000010 0.000010 0.000010 0.000010
0.888530 0.111420 0.000010 0.000010 0.000010 0.000010 0.000010
0.999940 0.000010 0.000010 0.000010 0.000010 0.000010 0.000010
0.999940 0.000010 0.000010 0.000010 0.000010 0.000010 0.000010
0.428246 0.000010 0.000010 0.000010 0.571704 0.000010 0.000010
0.426554 0.000010 0.000010 0.000010 0.573396 0.000010 0.000010
0.416415 0.000010 0.000010 0.000010 0.583535 0.000010 0.000010
0.334953 0.000010 0.000010 0.000010 0.489921 0.175085 0.000010
0.416680 0.000010 0.000010 0.000010 0.583270 0.000010 0.000010
0.437298 0.000010 0.000010 0.000010 0.562652 0.000010 0.000010
0.000010 0.000010 0.000010 0.000010 0.520001 0.000010 0.479949
0.529893 0.470057 0.000010 0.000010 0.000010 0.000010 0.000010
0.483097 0.000010 0.000010 0.000010 0.000010 0.000010 0.516853
0.999940 0.000010 0.000010 0.000010 0.000010 0.000010 0.000010
0.531036 0.372998 0.000010 0.027153 0.004311 0.064482 0.000010
0.437829 0.000010 0.000010 0.000010 0.562121 0.000010 0.000010
0.437514 0.000010 0.000010 0.000010 0.562436 0.000010 0.000010
0.478639 0.000010 0.000010 0.000010 0.521311 0.000010 0.000010
0.468518 0.000010 0.000010 0.000010 0.531432 0.000010 0.000010
0.459878 0.000010 0.000010 0.000010 0.540072 0.000010 0.000010
0.000010 0.435485 0.000010 0.027024 0.537451 0.000010 0.000010
0.000010 0.446045 0.000010 0.000010 0.553905 0.000010 0.000010
0.000010 0.435118 0.000010 0.000010 0.564832 0.000010 0.000010
0.097134 0.823618 0.000010 0.000010 0.000010 0.079207 0.000010
0.000010 0.999940 0.000010 0.000010 0.000010 0.000010 0.000010
0.000010 0.948679 0.000010 0.051271 0.000010 0.000010 0.000010
0.000010 0.999940 0.000010 0.000010 0.000010 0.000010 0.000010
0.000010 0.999932 0.000010 0.000018 0.000010 0.000010 0.000010
0.000010 0.999940 0.000010 0.000010 0.000010 0.000010 0.000010
0.000010 0.355510 0.456768 0.068807 0.000010 0.000010 0.118884
0.000010 0.000010 0.999940 0.000010 0.000010 0.000010 0.000010
0.000010 0.000010 0.000010 0.000010 0.000010 0.554083 0.445867
0.000010 0.000010 0.312357 0.000010 0.000010 0.414261 0.273342
0.000010 0.097334 0.000010 0.000010 0.588687 0.313939 0.000010
0.000010 0.000010 0.000010 0.000018 0.000010 0.498261 0.501681
0.000010 0.000010 0.000010 0.999940 0.000010 0.000010 0.000010
0.000013 0.000010 0.000010 0.999937 0.000010 0.000010 0.000010
0.000010 0.000011 0.000010 0.999939 0.000010 0.000010 0.000010
0.000010 0.474516 0.220243 0.000010 0.000010 0.000010 0.305201
0.000010 0.000010 0.205090 0.000010 0.000010 0.000010 0.794860
0.000010 0.000010 0.561754 0.000010 0.000010 0.000010 0.438196
0.000010 0.480448 0.000010 0.000010 0.000010 0.000010 0.519502
0.000010 0.483681 0.000010 0.000010 0.000010 0.000010 0.516269
0.000010 0.999940 0.000010 0.000010 0.000010 0.000010 0.000010
0.000010 0.000010 0.000010 0.999940 0.000010 0.000010 0.000010
0.000010 0.180665 0.443002 0.000010 0.067219 0.275873 0.033220
0.000010 0.000010 0.519095 0.000010 0.000010 0.000010 0.480855
0.000010 0.408822 0.000010 0.000010 0.591128 0.000010 0.000010
0.000010 0.000010 0.528170 0.000010 0.000010 0.000010 0.471780
0.000010 0.439259 0.000010 0.000010 0.000010 0.560691 0.000010
0.000010 0.000010 0.000010 0.000010 0.562310 0.437640 0.000010
0.999940 0.000010 0.000010 0.000010 0.000010 0.000010 0.000010
0.486399 0.000010 0.000010 0.000010 0.513551 0.000010 0.000010
0.443055 0.000010 0.000010 0.000010 0.556895 0.000010 0.000010
0.000010 0.456916 0.000010 0.000010 0.543034 0.000010 0.000010
0.459268 0.000010 0.000010 0.000010 0.540682 0.000010 0.000010
0.000013 0.425181 0.000010 0.000014 0.574762 0.000010 0.000010
0.460517 0.000010 0.000010 0.000010 0.539433 0.000010 0.000010
0.410887 0.000010 0.000010 0.000010 0.589063 0.000010 0.000010
0.461299 0.000010 0.000010 0.000010 0.538651 0.000010 0.000010
0.466315 0.000010 0.000010 0.000010 0.533635 0.000010 0.000010
0.999940 0.000010 0.000010 0.000010 0.000010 0.000010 0.000010
0.999940 0.000010 0.000010 0.000010 0.000010 0.000010 0.000010
0.908447 0.091503 0.000010 0.000010 0.000010 0.000010 0.000010
0.455986 0.000010 0.000010 0.000010 0.543964 0.000010 0.000010
0.447607 0.000010 0.000010 0.000010 0.552343 0.000010 0.000010
0.423049 0.000010 0.000010 0.000010 0.576901 0.000010 0.000010
0.434429 0.000010 0.000010 0.000010 0.565521 0.000010 0.000010
0.354894 0.645056 0.000010 0.000010 0.000010 0.000010 0.000010
0.000010 0.000010 0.000010 0.999940 0.000010 0.000010 0.000010
0.000010 0.509707 0.000010 0.490243 0.000010 0.000010 0.000010
0.000010 0.000010 0.000010 0.999940 0.000010 0.000010 0.000010
0.000010 0.000010 0.000010 0.999940 0.000010 0.000010 0.000010
0.000018 0.276543 0.000010 0.723399 0.000010 0.000010 0.000010
0.580090 0.407425 0.000010 0.000010 0.012445 0.000010 0.000010
0.873089 0.073208 0.000010 0.053663 0.000010 0.000010 0.000010
0.999940 0.000010 0.000010 0.000010 0.000010 0.000010 0.000010
0.489498 0.227930 0.000010 0.000010 0.133008 0.149535 0.000010
0.999940 0.000010 0.000010 0.000010 0.000010 0.000010 0.000010
0.999940 0.000010 0.000010 0.000010 0.000010 0.000010 0.000010
0.999940 0.000010 0.000010 0.000010 0.000010 0.000010 0.000010
0.811636 0.188314 0.000010 0.000010 0.000010 0.000010 0.000010
0.999940 0.000010 0.000010 0.000010 0.000010 0.000010 0.000010
0.999940 0.000010 0.000010 0.000010 0.000010 0.000010 0.000010
0.744151 0.255774 0.000010 0.000035 0.000010 0.000010 0.000010
0.979090 0.020858 0.000013 0.000010 0.000010 0.000010 0.000010
0.599730 0.000010 0.000010 0.000010 0.000010 0.400220 0.000010
0.000010 0.373562 0.000010 0.005199 0.000010 0.044148 0.577061
0.000017 0.000010 0.443521 0.000010 0.000010 0.000010 0.556421
0.000010 0.000018 0.643674 0.000010 0.000010 0.000010 0.356267
0.000010 0.386843 0.000010 0.000010 0.000010 0.613107 0.000010
0.000010 0.000010 0.000010 0.000010 0.000010 0.000010 0.999940
0.000010 0.000010 0.000010 0.000010 0.000010 0.430781 0.569169
0.000010 0.000010 0.061685 0.000010 0.000010 0.471042 0.467234
0.000010 0.000010 0.000010 0.000010 0.000010 0.999940 0.000010
0.000010 0.000010 0.000010 0.000010 0.118749 0.881201 0.000010
0.000010 0.000010 0.512650 0.000010 0.000010 0.487300 0.000010
0.000010 0.141764 0.000010 0.000010 0.000010 0.858186 0.000010
0.231586 0.059905 0.207479 0.000010 0.000010 0.130182 0.370829
0.000010 0.000010 0.511658 0.000010 0.000010 0.488292 0.000010
0.000010 0.000010 0.863582 0.000010 0.000010 0.000010 0.136368
0.000010 0.000010 0.768341 0.000010 0.000010 0.000010 0.231609
0.000011 0.000010 0.272697 0.000010 0.000010 0.000010 0.727252
0.000010 0.000010 0.999940 0.000010 0.000010 0.000010 0.000010
0.000010 0.000010 0.000010 0.000010 0.000010 0.000010 0.999940
0.000010 0.000010 0.000010 0.000010 0.000010 0.000010 0.999940
0.000010 0.000010 0.000010 0.000010 0.000010 0.000010 0.999940
