0.000010 0.000010 0.000010 0.999970
0.000010 0.654365 0.345615 0.000010
0.000010 0.328993 0.000010 0.670987
0.000010 0.634259 0.000010 0.365721
0.000010 0.603878 0.000010 0.396102
0.000010 0.000010 0.000010 0.999970
0.000010 0.000010 0.000010 0.999970
0.000010 0.000010 0.494635 0.505345
0.000010 0.680707 0.166494 0.152790
0.000010 0.092817 0.000010 0.907163
0.376093 0.126090 0.000010 0.497807
0.000010 0.000010 0.484665 0.515315
0.000010 0.000010 0.999970 0.000010
0.000010 0.000010 0.413809 0.586171
0.502647 0.000010 0.000010 0.497333
0.442667 0.074063 0.445243 0.038028
0.000010 0.000010 0.529699 0.470281
0.538617 0.000010 0.000010 0.461363
0.014340 0.279026 0.000010 0.706624
0.000010 0.330106 0.000010 0.669874
0.000010 0.000010 0.383871 0.616109
0.000010 0.000010 0.484830 0.515150
0.000010 0.000010 0.000010 0.999970
0.000010 0.000010 0.000010 0.999970
0.000010 0.000010 0.549284 0.450696
0.386772 0.082495 0.000010 0.530723
0.564604 0.000010 0.431409 0.003977
0.491632 0.225504 0.000010 0.282854
0.527252 0.000010 0.022560 0.450178
0.518938 0.000010 0.000010 0.481042
0.000010 0.483778 0.000010 0.516202
0.603766 0.396214 0.000010 0.000010
0.000010 0.000010 0.000010 0.999970
0.000010 0.000010 0.552274 0.447706
0.441046 0.009533 0.000010 0.549411
0.000010 0.000010 0.529052 0.470928
0.456451 0.009179 0.000010 0.534360
0.510970 0.000010 0.000010 0.489010
0.531144 0.000010 0.000010 0.468836
0.484814 0.028368 0.000010 0.486808
0.516470 0.000010 0.000010 0.483510
0.000010 0.000010 0.999970 0.000010
0.000010 0.061149 0.000010 0.938831
0.000010 0.000010 0.521669 0.478311
0.492280 0.000011 0.000010 0.507699
0.999970 0.000010 0.000010 0.000010
0.474882 0.000010 0.525098 0.000010
0.513918 0.000010 0.000010 0.486062
0.000010 0.000010 0.946150 0.053830
0.000010 0.000010 0.000010 0.999970
0.000010 0.000010 0.000010 0.999970
0.000010 0.525540 0.000010 0.474440
0.000010 0.999970 0.000010 0.000010
0.000010 0.999970 0.000010 0.000010
0.000010 0.000010 0.511970 0.488010
0.000010 0.000010 0.519028 0.480952
0.000010 0.569400 0.430580 0.000010
0.000010 0.530422 0.469558 0.000010
0.000010 0.049933 0.535262 0.414795
0.000010 0.000010 0.000010 0.999970
0.000010 0.000010 0.000010 0.999970
0.000010 0.000010 0.000010 0.999970
0.000010 0.000010 0.000010 0.999970
0.027700 0.682364 0.000010 0.289926
0.000010 0.000010 0.000010 0.999970
0.505347 0.321072 0.000010 0.173571
0.000010 0.000010 0.919278 0.080702
0.000010 0.000010 0.999970 0.000010
0.000010 0.000010 0.903312 0.096668
0.000010 0.000010 0.999970 0.000010
0.000010 0.000010 0.999970 0.000010
0.000010 0.605063 0.394917 0.000010
0.000010 0.584262 0.415718 0.000010
0.000010 0.604244 0.395736 0.000010
0.000010 0.686542 0.313438 0.000010
0.000014 0.613205 0.386771 0.000010
0.000010 0.607662 0.392318 0.000010
0.464595 0.535385 0.000010 0.000010
0.000010 0.000010 0.536824 0.463156
0.526373 0.000010 0.473607 0.000010
0.000010 0.000010 0.999970 0.000010
0.000010 0.071181 0.536988 0.391821
0.000010 0.590757 0.409223 0.000010
0.000010 0.592786 0.407194 0.000010
0.000010 0.556470 0.443510 0.000010
0.000010 0.577977 0.422003 0.000010
0.000010 0.576907 0.423073 0.000010
0.000010 0.572724 0.000010 0.427256
0.000010 0.585441 0.000010 0.414539
0.000010 0.617253 0.000010 0.382727
0.000010 0.028663 0.115239 0.856088
0.000010 0.000010 0.000010 0.999970
0.000011 0.000010 0.000010 0.999969
0.000010 0.000010 0.000010 0.999970
0.000010 0.000010 0.000010 0.999970
0.000010 0.000010 0.000010 0.999970
0.555380 0.001762 0.000010 0.442848
0.986633 0.013347 0.000010 0.000010
0.579882 0.420098 0.000010 0.000010
0.649560 0.350420 0.000010 0.000010
0.000010 0.922068 0.000010 0.077912
0.606863 0.393115 0.000012 0.000010
0.000010 0.000010 0.015071 0.984909
0.000010 0.000010 0.000010 0.999970
0.000010 0.000010 0.000010 0.999970
0.521353 0.000011 0.000010 0.478626
0.999970 0.000010 0.000010 0.000010
0.999970 0.000010 0.000010 0.000010
0.525327 0.000010 0.000010 0.474653
0.520901 0.000011 0.000010 0.479079
0.000011 0.000010 0.000010 0.999969
0.000010 0.000010 0.072781 0.927199
0.487294 0.322676 0.000010 0.190021
0.999970 0.000010 0.000010 0.000010
0.000010 0.664022 0.000010 0.335958
0.999968 0.000010 0.000012 0.000010
0.000010 0.511154 0.000010 0.488826
0.000010 0.999970 0.000010 0.000010
0.000010 0.000010 0.999970 0.000010
0.000010 0.545929 0.454051 0.000010
0.000010 0.594980 0.405000 0.000010
0.000010 0.593000 0.000010 0.406980
0.000019 0.568821 0.431150 0.000010
0.000010 0.618626 0.000010 0.381354
0.000010 0.580383 0.419597 0.000010
0.000010 0.612009 0.387971 0.000010
0.000010 0.564607 0.435373 0.000010
0.000010 0.565624 0.434356 0.000010
0.000010 0.000010 0.999970 0.000010
0.000010 0.000010 0.999970 0.000010
0.000010 0.000010 0.945066 0.054914
0.000010 0.587250 0.412730 0.000010
0.000010 0.587480 0.412500 0.000010
0.000010 0.600105 0.399875 0.000010
0.000010 0.594420 0.405560 0.000010
0.000010 0.000010 0.351416 0.648564
0.000010 0.000010 0.013863 0.986117
0.000010 0.000010 0.000010 0.999970
0.000013 0.000010 0.000010 0.999967
0.000011 0.000010 0.000010 0.999969
0.000010 0.000010 0.000010 0.999970
0.000010 0.000010 0.617553 0.382427
0.000017 0.000010 0.873997 0.125976
0.000010 0.000010 0.999970 0.000010
0.000010 0.280878 0.487993 0.231119
0.000010 0.000010 0.999970 0.000010
0.000010 0.000010 0.999970 0.000010
0.000010 0.000010 0.999970 0.000010
0.000010 0.000010 0.849738 0.150242
0.000010 0.000010 0.999970 0.000010
0.000010 0.000010 0.999970 0.000010
0.000010 0.000010 0.743636 0.256344
0.000010 0.000010 0.999970 0.000010
0.000219 0.358610 0.631875 0.009296
0.596548 0.025960 0.002654 0.374837
0.999970 0.000010 0.000010 0.000010
0.999970 0.000010 0.000010 0.000010
0.016877 0.519375 0.000010 0.463739
0.999970 0.000010 0.000010 0.000010
0.660624 0.339356 0.000010 0.000010
0.625198 0.374782 0.000010 0.000010
0.016858 0.983122 0.000010 0.000010
0.000010 0.859184 0.000010 0.140796
0.560601 0.439379 0.000010 0.000010
0.013171 0.712169 0.000010 0.274650
0.621546 0.030884 0.254074 0.093496
0.563578 0.436402 0.000010 0.000010
0.999970 0.000010 0.000010 0.000010
0.999970 0.000010 0.000010 0.000010
0.999970 0.000010 0.000010 0.000010
0.999969 0.000011 0.000010 0.000010
0.999970 0.000010 0.000010 0.000010
0.999969 0.000011 0.000010 0.000010
0.999970 0.000010 0.000010 0.000010
