0.000010 0.000010 0.000010 0.000010 0.000010 0.000010 0.000010 0.000010 0.999890 0.000010 0.000010 0.000010
0.000010 0.000010 0.000010 0.489472 0.000010 0.000010 0.510428 0.000010 0.000010 0.000010 0.000010 0.000010
0.000010 0.000010 0.000010 0.000010 0.000010 0.111438 0.000010 0.000010 0.888462 0.000010 0.000010 0.000010
0.000010 0.000010 0.000010 0.000010 0.000010 0.050954 0.012744 0.000010 0.936212 0.000010 0.000010 0.000010
0.000010 0.000010 0.000010 0.000010 0.000010 0.000010 0.493886 0.095662 0.410362 0.000010 0.000010 0.000010
0.000010 0.000010 0.000010 0.000010 0.000010 0.000010 0.000010 0.000010 0.999890 0.000010 0.000010 0.000010
0.000010 0.000010 0.000010 0.000010 0.000010 0.000010 0.000010 0.000010 0.999890 0.000010 0.000010 0.000010
0.000010 0.000010 0.000010 0.495919 0.000010 0.000010 0.000010 0.000010 0.503981 0.000010 0.000010 0.000010
0.502513 0.000010 0.000010 0.000010 0.000010 0.000010 0.000010 0.497387 0.000010 0.000010 0.000010 0.000010
0.000010 0.000010 0.000010 0.000010 0.000010 0.000010 0.002712 0.000010 0.997188 0.000010 0.000010 0.000010
0.000010 0.000010 0.000010 0.000010 0.000010 0.000010 0.000010 0.145322 0.353118 0.000010 0.000010 0.501470
0.000010 0.000010 0.999890 0.000010 0.000010 0.000010 0.000010 0.000010 0.000010 0.000010 0.000010 0.000010
0.000010 0.000010 0.000010 0.000010 0.000010 0.000010 0.000010 0.000010 0.000010 0.000010 0.999890 0.000010
0.000010 0.000010 0.999890 0.000010 0.000010 0.000010 0.000010 0.000010 0.000010 0.000010 0.000010 0.000010
0.000010 0.006305 0.000010 0.000010 0.000014 0.000010 0.000010 0.000010 0.494830 0.000010 0.000010 0.498771
0.000010 0.000010 0.000010 0.498972 0.000010 0.000010 0.000010 0.000010 0.000010 0.000010 0.000010 0.500928
0.000010 0.000010 0.999890 0.000010 0.000010 0.000010 0.000010 0.000010 0.000010 0.000010 0.000010 0.000010
0.000010 0.000010 0.000010 0.000010 0.000010 0.000010 0.000010 0.512838 0.000010 0.000010 0.000010 0.487062
0.000010 0.000010 0.000010 0.000010 0.592469 0.000010 0.000010 0.000010 0.407431 0.000010 0.000010 0.000010
0.000010 0.000010 0.000010 0.000010 0.000010 0.000010 0.000010 0.999890 0.000010 0.000010 0.000010 0.000010
0.000010 0.000010 0.000010 0.000010 0.000010 0.000010 0.000010 0.000010 0.500690 0.000010 0.499210 0.000010
0.000010 0.000010 0.000010 0.000010 0.000010 0.000010 0.000010 0.000010 0.494983 0.000010 0.504917 0.000010
0.000010 0.000010 0.000010 0.000010 0.000010 0.000010 0.000010 0.000010 0.999890 0.000010 0.000010 0.000010
0.000010 0.000010 0.000010 0.000010 0.000010 0.000010 0.000010 0.000010 0.999890 0.000010 0.000010 0.000010
0.000010 0.000010 0.999890 0.000010 0.000010 0.000010 0.000010 0.000010 0.000010 0.000010 0.000010 0.000010
0.000010 0.000010 0.000010 0.000010 0.000010 0.000010 0.002421 0.081819 0.416604 0.000010 0.000010 0.499075
0.000010 0.000010 0.000010 0.499833 0.000010 0.000010 0.000010 0.000010 0.000010 0.000010 0.000010 0.500067
0.000010 0.000010 0.000010 0.000010 0.000010 0.000010 0.000010 0.505969 0.000010 0.000010 0.000010 0.493931
0.000010 0.000010 0.000010 0.000010 0.000010 0.000010 0.000010 0.196077 0.310872 0.000010 0.000010 0.492961
0.000010 0.000012 0.000010 0.000010 0.000010 0.000010 0.000010 0.000010 0.496571 0.000010 0.000010 0.503327
0.501272 0.000010 0.000010 0.000010 0.000010 0.000010 0.000010 0.000010 0.498628 0.000010 0.000010 0.000010
0.501804 0.000010 0.000010 0.000011 0.000010 0.000010 0.000010 0.000010 0.000010 0.000010 0.000010 0.498095
0.000010 0.000010 0.000010 0.000010 0.000010 0.000010 0.000010 0.000010 0.999890 0.000010 0.000010 0.000010
0.000010 0.000010 0.000010 0.000010 0.000010 0.000010 0.000010 0.000010 0.500813 0.000010 0.499087 0.000010
0.000010 0.000010 0.000010 0.000010 0.000010 0.000010 0.000010 0.081990 0.417190 0.000010 0.000010 0.500730
0.000010 0.000010 0.000010 0.325361 0.000010 0.000010 0.000010 0.064434 0.434596 0.000010 0.175529 0.000010
0.000010 0.012262 0.000010 0.000010 0.000010 0.000010 0.000010 0.133337 0.367101 0.000010 0.000010 0.487221
0.000010 0.000010 0.000010 0.000010 0.000010 0.000010 0.000010 0.000010 0.501329 0.000010 0.000010 0.498571
0.000010 0.001395 0.000010 0.000010 0.000010 0.000010 0.000010 0.000010 0.503652 0.000010 0.000010 0.494863
0.000010 0.012050 0.000010 0.000010 0.000010 0.000010 0.000010 0.000010 0.497635 0.000010 0.000010 0.490225
0.000010 0.000010 0.000010 0.000010 0.000010 0.000010 0.000010 0.000010 0.494621 0.000010 0.000010 0.505279
0.000010 0.000010 0.999890 0.000010 0.000010 0.000010 0.000010 0.000010 0.000010 0.000010 0.000010 0.000010
0.000010 0.000010 0.000010 0.000010 0.000010 0.000010 0.000010 0.267181 0.732719 0.000010 0.000010 0.000010
0.000010 0.000010 0.000010 0.497816 0.000010 0.000010 0.000010 0.000010 0.502084 0.000010 0.000010 0.000010
0.499038 0.000010 0.000010 0.000010 0.000012 0.000010 0.000010 0.000010 0.000010 0.000010 0.000010 0.500860
0.000010 0.000010 0.000010 0.000010 0.000010 0.000010 0.000010 0.000010 0.000010 0.000010 0.000010 0.999890
0.000010 0.000010 0.000010 0.497113 0.000010 0.000010 0.000010 0.000010 0.000010 0.000010 0.000010 0.502787
0.000010 0.000010 0.000010 0.000010 0.000010 0.000010 0.000010 0.000010 0.494111 0.000010 0.000010 0.505789
0.239770 0.000010 0.000010 0.760130 0.000010 0.000010 0.000010 0.000010 0.000010 0.000010 0.000010 0.000010
0.000010 0.000010 0.000010 0.000010 0.000010 0.000010 0.000010 0.045070 0.954830 0.000010 0.000010 0.000010
0.000010 0.000010 0.000010 0.000010 0.000010 0.000010 0.000010 0.000010 0.999890 0.000010 0.000010 0.000010
0.493903 0.000010 0.000010 0.000010 0.000010 0.000010 0.000010 0.505997 0.000010 0.000010 0.000010 0.000010
0.503690 0.000010 0.000010 0.000010 0.000010 0.000010 0.496210 0.000010 0.000010 0.000010 0.000010 0.000010
0.502739 0.000010 0.000010 0.000011 0.000010 0.000010 0.497160 0.000010 0.000010 0.000010 0.000010 0.000010
0.000010 0.000010 0.000010 0.000010 0.000010 0.000013 0.000010 0.000010 0.492815 0.000010 0.507081 0.000010
0.000010 0.000010 0.000010 0.000010 0.000010 0.000013 0.000010 0.000010 0.493465 0.000010 0.506431 0.000010
0.000010 0.000010 0.000010 0.000010 0.000010 0.000014 0.500407 0.000010 0.000010 0.000017 0.499482 0.000010
0.000010 0.000011 0.000010 0.000010 0.000010 0.000012 0.493010 0.000010 0.000010 0.000010 0.506887 0.000010
0.000010 0.000010 0.000010 0.326088 0.000010 0.000010 0.000010 0.525448 0.000010 0.000010 0.148373 0.000010
0.000010 0.000010 0.000010 0.000010 0.000010 0.000010 0.000010 0.000010 0.999890 0.000010 0.000010 0.000010
0.000010 0.000010 0.000010 0.000010 0.000010 0.000010 0.000010 0.000010 0.999890 0.000010 0.000010 0.000010
0.000010 0.000010 0.000010 0.000010 0.000010 0.000010 0.000010 0.114668 0.885232 0.000010 0.000010 0.000010
0.000010 0.000010 0.000010 0.000010 0.000010 0.000010 0.000010 0.067168 0.932732 0.000010 0.000010 0.000010
0.485311 0.000010 0.000011 0.000010 0.514587 0.000010 0.000010 0.000010 0.000010 0.000010 0.000010 0.000010
0.000010 0.000010 0.000010 0.000010 0.000010 0.999890 0.000010 0.000010 0.000010 0.000010 0.000010 0.000010
0.000010 0.000010 0.000010 0.000010 0.521240 0.000010 0.000010 0.000010 0.000010 0.000010 0.000010 0.478660
0.000010 0.000010 0.000010 0.493172 0.000010 0.000010 0.000010 0.000010 0.000010 0.000010 0.506728 0.000010
0.000010 0.000010 0.000010 0.693354 0.000010 0.000015 0.000015 0.000010 0.000010 0.000010 0.306536 0.000010
0.000010 0.000010 0.000010 0.534768 0.000010 0.000010 0.000010 0.000010 0.000010 0.000010 0.465132 0.000010
0.000010 0.000010 0.000010 0.000010 0.000010 0.000010 0.000010 0.000010 0.000010 0.000010 0.999890 0.000010
0.000010 0.000010 0.000010 0.000010 0.000010 0.000010 0.000010 0.000010 0.000010 0.000010 0.999890 0.000010
0.000010 0.000010 0.000010 0.351222 0.000010 0.000010 0.506966 0.000017 0.000010 0.000010 0.141715 0.000010
0.000010 0.000010 0.000010 0.000010 0.000010 0.000010 0.505153 0.000010 0.000010 0.000010 0.494747 0.000010
0.000020 0.000010 0.000010 0.492656 0.000010 0.000012 0.507220 0.000010 0.000012 0.000010 0.000019 0.000010
0.000010 0.000010 0.000010 0.199820 0.000010 0.000010 0.508493 0.000010 0.000010 0.000010 0.291598 0.000010
0.000010 0.000010 0.000010 0.493626 0.000010 0.000010 0.506274 0.000010 0.000010 0.000010 0.000010 0.000010
0.000010 0.000010 0.000010 0.000010 0.000010 0.000010 0.504056 0.000010 0.000010 0.000010 0.495844 0.000010
0.000010 0.000010 0.000010 0.000010 0.000010 0.000010 0.500090 0.000010 0.000010 0.000010 0.000010 0.499810
0.101125 0.000010 0.856049 0.000010 0.000010 0.000010 0.000010 0.000010 0.042736 0.000010 0.000010 0.000010
0.000010 0.000010 0.000010 0.500467 0.000010 0.000010 0.000010 0.000010 0.000010 0.000010 0.000010 0.499433
0.070075 0.000010 0.000015 0.444763 0.000010 0.000010 0.000010 0.000010 0.000010 0.000010 0.485066 0.000010
0.000010 0.000010 0.999890 0.000010 0.000010 0.000010 0.000010 0.000010 0.000010 0.000010 0.000010 0.000010
0.000010 0.000010 0.000010 0.000010 0.000010 0.000010 0.507929 0.000010 0.000010 0.000010 0.491971 0.000010
0.000010 0.000010 0.000010 0.133771 0.000010 0.000010 0.511106 0.000010 0.000010 0.000010 0.355032 0.000010
0.000010 0.000010 0.000010 0.303727 0.000010 0.000010 0.506191 0.000010 0.000010 0.000010 0.189992 0.000010
0.000010 0.000014 0.000012 0.202947 0.000010 0.000015 0.509070 0.000010 0.000018 0.000010 0.287874 0.000010
0.000010 0.000010 0.000010 0.495285 0.000010 0.000010 0.504615 0.000010 0.000010 0.000010 0.000010 0.000010
0.000010 0.000010 0.000010 0.000010 0.000010 0.000010 0.499176 0.000010 0.500724 0.000010 0.000010 0.000010
0.000010 0.000010 0.000010 0.000010 0.000010 0.000010 0.539892 0.094190 0.365828 0.000010 0.000010 0.000010
0.000010 0.000010 0.000010 0.000010 0.000010 0.000010 0.499833 0.000010 0.500067 0.000010 0.000010 0.000010
0.000010 0.000010 0.000010 0.000010 0.000010 0.000010 0.000010 0.235937 0.763963 0.000010 0.000010 0.000010
0.000010 0.000010 0.000010 0.000010 0.000010 0.000010 0.000010 0.000010 0.999890 0.000010 0.000010 0.000010
0.000010 0.000010 0.000010 0.000010 0.000010 0.000010 0.000010 0.000010 0.999890 0.000010 0.000010 0.000010
0.000010 0.000010 0.000010 0.000010 0.000010 0.000010 0.000010 0.000010 0.999890 0.000010 0.000010 0.000010
0.000010 0.000010 0.000010 0.000010 0.000010 0.000010 0.000010 0.075664 0.924236 0.000010 0.000010 0.000010
0.000010 0.000010 0.000010 0.000010 0.000010 0.000010 0.000010 0.000010 0.999890 0.000010 0.000010 0.000010
0.000010 0.000010 0.000010 0.000010 0.000010 0.000010 0.012261 0.000010 0.481562 0.000010 0.000010 0.506087
0.000010 0.000010 0.000010 0.000010 0.000011 0.000010 0.000010 0.000010 0.000010 0.000010 0.000010 0.999889
0.502728 0.000010 0.000010 0.000010 0.000012 0.000010 0.000010 0.000010 0.000010 0.000010 0.000010 0.497170
0.496330 0.000010 0.000010 0.000010 0.000010 0.000010 0.000010 0.000010 0.000010 0.000010 0.000010 0.503570
0.499368 0.000010 0.000010 0.000010 0.000010 0.000010 0.000010 0.037374 0.463168 0.000010 0.000010 0.000010
0.501327 0.000010 0.000010 0.000010 0.000010 0.000010 0.000010 0.000010 0.000010 0.000010 0.000010 0.498573
0.000010 0.000010 0.000010 0.000010 0.000010 0.999890 0.000010 0.000010 0.000010 0.000010 0.000010 0.000010
0.000010 0.000010 0.000010 0.000010 0.000010 0.999890 0.000010 0.000010 0.000010 0.000010 0.000010 0.000010
0.000010 0.000010 0.000010 0.000010 0.000010 0.000010 0.000010 0.000010 0.000010 0.999890 0.000010 0.000010
0.000010 0.555368 0.000010 0.000010 0.000010 0.444532 0.000010 0.000010 0.000010 0.000010 0.000010 0.000010
0.000010 0.999890 0.000010 0.000010 0.000010 0.000010 0.000010 0.000010 0.000010 0.000010 0.000010 0.000010
0.000010 0.999890 0.000010 0.000010 0.000010 0.000010 0.000010 0.000010 0.000010 0.000010 0.000010 0.000010
0.000010 0.555773 0.000010 0.000010 0.000016 0.444121 0.000010 0.000010 0.000010 0.000010 0.000010 0.000010
0.000010 0.563507 0.000010 0.000010 0.000016 0.436387 0.000010 0.000010 0.000010 0.000010 0.000010 0.000010
0.000010 0.000015 0.000010 0.000010 0.000010 0.999885 0.000010 0.000010 0.000010 0.000010 0.000010 0.000010
0.000010 0.000010 0.000010 0.000010 0.000010 0.000010 0.000010 0.999890 0.000010 0.000010 0.000010 0.000010
0.000010 0.000010 0.000010 0.000010 0.543444 0.000010 0.000010 0.000010 0.000010 0.000010 0.000010 0.456456
0.000010 0.000013 0.000010 0.000010 0.000010 0.000015 0.000010 0.000010 0.000010 0.000010 0.000010 0.999882
0.000010 0.000010 0.000010 0.000010 0.000010 0.000010 0.484793 0.515107 0.000010 0.000010 0.000010 0.000010
0.000010 0.000010 0.000010 0.000010 0.000010 0.000010 0.000010 0.000010 0.000010 0.000010 0.000010 0.999890
0.504005 0.000010 0.000010 0.000010 0.000010 0.000010 0.000010 0.000010 0.495895 0.000010 0.000010 0.000010
0.000010 0.000010 0.000010 0.000010 0.000010 0.050652 0.516456 0.000010 0.432801 0.000010 0.000010 0.000010
0.000010 0.000010 0.000011 0.000010 0.000010 0.000010 0.000010 0.000010 0.000010 0.000010 0.999889 0.000010
0.000010 0.000010 0.000010 0.178419 0.000010 0.000010 0.509880 0.000010 0.000010 0.000010 0.311610 0.000010
0.000010 0.000010 0.000010 0.000010 0.000010 0.000010 0.508232 0.000010 0.000010 0.000010 0.491668 0.000010
0.000010 0.000010 0.000010 0.000010 0.000010 0.000010 0.502336 0.000010 0.497564 0.000010 0.000010 0.000010
0.000010 0.000010 0.000010 0.493674 0.000010 0.000010 0.506226 0.000010 0.000010 0.000010 0.000010 0.000010
0.000010 0.000010 0.000010 0.000010 0.000010 0.000010 0.495578 0.000010 0.504322 0.000010 0.000010 0.000010
0.000010 0.000010 0.000010 0.000010 0.000010 0.000010 0.512332 0.000010 0.000010 0.000010 0.487568 0.000010
0.000010 0.000010 0.000010 0.000010 0.000010 0.000010 0.511426 0.000010 0.000010 0.000010 0.488474 0.000010
0.000010 0.000010 0.000010 0.359482 0.000010 0.000010 0.507580 0.000010 0.000010 0.000010 0.132849 0.000010
0.000010 0.000010 0.000010 0.491525 0.000010 0.000010 0.508375 0.000010 0.000010 0.000010 0.000010 0.000010
0.000010 0.000010 0.000010 0.999890 0.000010 0.000010 0.000010 0.000010 0.000010 0.000010 0.000010 0.000010
0.000010 0.000010 0.000010 0.192114 0.000010 0.000010 0.000010 0.000010 0.000010 0.000010 0.807786 0.000010
0.000010 0.000010 0.000010 0.551164 0.000010 0.000010 0.000010 0.000010 0.000010 0.000010 0.448736 0.000010
0.000010 0.000010 0.000010 0.497736 0.000010 0.000010 0.502164 0.000010 0.000010 0.000010 0.000010 0.000010
0.000010 0.000010 0.000010 0.366876 0.000010 0.000010 0.508354 0.000010 0.000010 0.000010 0.124680 0.000010
0.000010 0.000010 0.000010 0.000010 0.000010 0.000010 0.508251 0.000010 0.000010 0.000010 0.491649 0.000010
0.000010 0.000010 0.000010 0.000010 0.000010 0.000011 0.503921 0.000010 0.000010 0.000010 0.495977 0.000010
0.000010 0.000010 0.000011 0.491817 0.000010 0.000010 0.000010 0.000010 0.508082 0.000010 0.000010 0.000010
0.000010 0.000010 0.000010 0.000010 0.000010 0.999890 0.000010 0.000010 0.000010 0.000010 0.000010 0.000010
0.000010 0.000010 0.000010 0.000010 0.000010 0.000010 0.000010 0.000010 0.000010 0.999890 0.000010 0.000010
0.000010 0.000010 0.000010 0.000010 0.000010 0.999890 0.000010 0.000010 0.000010 0.000010 0.000010 0.000010
0.000010 0.000010 0.000010 0.000010 0.000010 0.000010 0.000010 0.000010 0.000010 0.999890 0.000010 0.000010
0.000010 0.000010 0.000010 0.000010 0.000010 0.000010 0.000010 0.000010 0.000010 0.999890 0.000010 0.000010
0.000010 0.000010 0.000010 0.365348 0.000010 0.000010 0.000010 0.000010 0.000010 0.000010 0.634552 0.000010
0.000010 0.000010 0.000010 0.490172 0.000010 0.000010 0.000010 0.000010 0.000010 0.000010 0.509728 0.000010
0.000010 0.000010 0.000010 0.364322 0.000010 0.000010 0.000010 0.000010 0.000010 0.000010 0.635578 0.000010
0.000010 0.000010 0.949892 0.000010 0.000014 0.000010 0.000010 0.000010 0.000010 0.000010 0.050004 0.000010
0.000010 0.000010 0.000010 0.000010 0.000010 0.000010 0.000010 0.000010 0.000010 0.000010 0.999890 0.000010
0.000010 0.000010 0.000010 0.266278 0.000010 0.000010 0.000010 0.000010 0.000010 0.000010 0.733622 0.000010
0.000010 0.000010 0.000010 0.727433 0.000010 0.000010 0.000010 0.000010 0.000010 0.000010 0.272467 0.000010
0.000010 0.000010 0.000010 0.531325 0.000010 0.000010 0.000010 0.000010 0.000010 0.000010 0.468575 0.000010
0.000010 0.000010 0.000010 0.159832 0.000010 0.000010 0.000010 0.000010 0.000011 0.000010 0.840067 0.000010
0.000010 0.000010 0.000010 0.706345 0.000010 0.000010 0.000010 0.000010 0.000010 0.000010 0.293555 0.000010
0.000010 0.000012 0.000010 0.999888 0.000010 0.000010 0.000010 0.000010 0.000010 0.000010 0.000010 0.000010
0.000010 0.000010 0.000010 0.285962 0.000010 0.000010 0.000010 0.000010 0.000010 0.000010 0.713938 0.000010
0.496617 0.000010 0.000010 0.346272 0.000010 0.000010 0.000010 0.000010 0.000010 0.000010 0.157021 0.000010
0.000010 0.000010 0.000010 0.000010 0.000010 0.000010 0.000010 0.501162 0.000010 0.000010 0.000010 0.498738
0.000010 0.000010 0.000010 0.000010 0.000010 0.000010 0.000010 0.000010 0.000010 0.000010 0.000010 0.999890
0.000010 0.000010 0.000010 0.000010 0.000010 0.000010 0.000010 0.000010 0.000010 0.000010 0.000010 0.999890
0.513001 0.000010 0.000010 0.000010 0.000010 0.044832 0.000010 0.174423 0.267664 0.000010 0.000010 0.000010
0.000010 0.000010 0.000010 0.000010 0.000010 0.000010 0.000010 0.000010 0.000010 0.000010 0.000010 0.999890
0.497784 0.000010 0.000010 0.000010 0.000010 0.000010 0.000010 0.000010 0.000010 0.000010 0.000010 0.502116
0.498692 0.000010 0.000010 0.000010 0.000010 0.000010 0.000010 0.000010 0.000010 0.000010 0.000010 0.501208
0.999890 0.000010 0.000010 0.000010 0.000010 0.000010 0.000010 0.000010 0.000010 0.000010 0.000010 0.000010
0.500112 0.000010 0.000013 0.000010 0.000010 0.000010 0.000010 0.000010 0.499785 0.000010 0.000010 0.000010
0.504700 0.000010 0.000010 0.000010 0.000012 0.000010 0.000010 0.000010 0.000010 0.000010 0.000010 0.495199
0.999890 0.000010 0.000010 0.000010 0.000010 0.000010 0.000010 0.000010 0.000010 0.000010 0.000010 0.000010
0.000010 0.018467 0.000010 0.000010 0.000010 0.000010 0.000010 0.000010 0.000010 0.000010 0.000010 0.981433
0.498193 0.000010 0.000010 0.000011 0.000010 0.000010 0.000010 0.000010 0.000010 0.000010 0.000010 0.501706
0.000010 0.000010 0.000010 0.000010 0.000010 0.000010 0.000010 0.000010 0.000010 0.000010 0.000010 0.999890
0.000010 0.000010 0.000010 0.000010 0.000010 0.000010 0.000010 0.000010 0.000010 0.000010 0.000010 0.999890
0.000010 0.000010 0.000010 0.000010 0.000010 0.000010 0.000010 0.000010 0.000010 0.000010 0.000010 0.999890
0.000010 0.000010 0.000010 0.000010 0.000010 0.000010 0.000010 0.000010 0.000010 0.000010 0.000010 0.999890
0.000010 0.000010 0.000010 0.000010 0.000010 0.000010 0.000010 0.000010 0.000010 0.000010 0.000010 0.999890
0.000010 0.000010 0.000010 0.000010 0.000010 0.000010 0.000010 0.000010 0.000010 0.000010 0.000010 0.999890
0.000010 0.000010 0.000010 0.000010 0.000010 0.000010 0.000010 0.000010 0.000010 0.000010 0.000010 0.999890
