0.000010 0.999960 0.000010 0.000010 0.000010
0.000010 0.000010 0.078971 0.374744 0.546265
0.000010 0.649038 0.242102 0.000010 0.108840
0.000010 0.289113 0.710857 0.000010 0.000010
0.000010 0.426323 0.000010 0.000010 0.573647
0.000010 0.999960 0.000010 0.000010 0.000010
0.000010 0.999960 0.000010 0.000010 0.000010
0.000010 0.497969 0.020669 0.481342 0.000010
0.000010 0.033133 0.786337 0.114450 0.066071
0.000010 0.912072 0.082872 0.000010 0.005036
0.341472 0.467054 0.191454 0.000010 0.000010
0.000010 0.514346 0.000010 0.485624 0.000010
0.000010 0.000010 0.000016 0.999954 0.000010
0.000010 0.582808 0.000010 0.417162 0.000010
0.502716 0.497254 0.000010 0.000010 0.000010
0.391155 0.030556 0.151558 0.426721 0.000010
0.000010 0.472489 0.000010 0.527481 0.000010
0.539505 0.460465 0.000010 0.000010 0.000010
0.000010 0.675906 0.262045 0.000010 0.062029
0.000010 0.648431 0.204133 0.000010 0.147417
0.000010 0.618642 0.000010 0.381328 0.000010
0.000010 0.519747 0.000010 0.480223 0.000010
0.000010 0.999955 0.000010 0.000015 0.000010
0.000010 0.999960 0.000010 0.000010 0.000010
0.000010 0.442990 0.000010 0.556980 0.000010
0.353895 0.510174 0.135911 0.000010 0.000010
0.557650 0.013187 0.000010 0.429143 0.000010
0.477796 0.267789 0.157530 0.000010 0.096875
0.525559 0.450702 0.000010 0.023718 0.000010
0.518341 0.481629 0.000010 0.000010 0.000010
0.000010 0.449388 0.550582 0.000010 0.000010
0.512205 0.000010 0.487765 0.000010 0.000010
0.000010 0.999960 0.000010 0.000010 0.000010
0.000010 0.448431 0.000010 0.551539 0.000010
0.420152 0.525829 0.053999 0.000010 0.000010
0.000010 0.468304 0.000010 0.531666 0.000010
0.446259 0.525598 0.028123 0.000010 0.000010
0.511297 0.488673 0.000010 0.000010 0.000010
0.531723 0.468247 0.000010 0.000010 0.000010
0.472286 0.473551 0.041241 0.000010 0.012913
0.515837 0.484133 0.000010 0.000010 0.000010
0.000010 0.000010 0.000010 0.999960 0.000010
0.000010 0.916123 0.083847 0.000010 0.000010
0.000010 0.473990 0.000010 0.525980 0.000010
0.489515 0.505263 0.000010 0.000010 0.005202
0.999960 0.000010 0.000010 0.000010 0.000010
0.472078 0.000010 0.000010 0.527175 0.000727
0.513492 0.486476 0.000013 0.000010 0.000010
0.000010 0.068641 0.000010 0.931329 0.000010
0.000010 0.999960 0.000010 0.000010 0.000010
0.000010 0.999960 0.000010 0.000010 0.000010
0.000010 0.425248 0.574721 0.000011 0.000010
0.000010 0.000010 0.502445 0.000010 0.497525
0.000010 0.000010 0.495027 0.000010 0.504943
0.000010 0.489198 0.000010 0.510772 0.000010
0.000010 0.482650 0.000010 0.517320 0.000010
0.000010 0.000010 0.000010 0.461040 0.538930
0.000010 0.000010 0.000010 0.514520 0.485450
0.000010 0.409282 0.013360 0.537183 0.040165
0.000010 0.999960 0.000010 0.000010 0.000010
0.000010 0.999957 0.000010 0.000013 0.000010
0.000010 0.999957 0.000010 0.000013 0.000010
0.000010 0.999960 0.000010 0.000010 0.000010
0.000010 0.175144 0.723582 0.000010 0.101254
0.000012 0.999958 0.000010 0.000010 0.000010
0.484026 0.136872 0.305820 0.000010 0.073272
0.000010 0.089341 0.000010 0.910629 0.000010
0.000010 0.000010 0.000010 0.999960 0.000010
0.000010 0.104149 0.000010 0.895821 0.000010
0.000010 0.000010 0.000010 0.999960 0.000010
0.000010 0.000010 0.000010 0.999960 0.000010
0.000010 0.000010 0.000010 0.427324 0.572646
0.000010 0.000010 0.000010 0.426357 0.573613
0.000010 0.000010 0.000010 0.415717 0.584253
0.000010 0.000010 0.176271 0.332944 0.490765
0.000010 0.000010 0.000010 0.415647 0.584323
0.000010 0.000010 0.000010 0.436455 0.563515
0.488040 0.000010 0.000010 0.000010 0.511930
0.000010 0.464632 0.000010 0.535338 0.000010
0.524304 0.000010 0.000010 0.475666 0.000010
0.000010 0.000010 0.000010 0.999960 0.000010
0.000010 0.395063 0.065719 0.534405 0.004803
0.000010 0.000010 0.000010 0.435700 0.564270
0.000010 0.000010 0.000010 0.436419 0.563551
0.000010 0.000010 0.000010 0.477163 0.522807
0.000010 0.000010 0.000010 0.467761 0.532209
0.000010 0.000010 0.000010 0.458865 0.541105
0.000010 0.453417 0.000010 0.000010 0.546553
0.000012 0.435780 0.000010 0.000010 0.564188
0.000010 0.420847 0.000010 0.000010 0.579123
0.000010 0.811393 0.083274 0.105313 0.000010
0.000010 0.999960 0.000010 0.000010 0.000010
0.000010 0.999960 0.000010 0.000010 0.000010
0.000010 0.999960 0.000010 0.000010 0.000010
0.000010 0.999960 0.000010 0.000010 0.000010
0.000010 0.999960 0.000010 0.000010 0.000010
0.529673 0.413672 0.056635 0.000010 0.000010
0.902494 0.000011 0.097475 0.000010 0.000010
0.466092 0.000010 0.533878 0.000010 0.000010
0.574109 0.000020 0.425851 0.000010 0.000010
0.000010 0.074603 0.327516 0.000010 0.597861
0.529556 0.000010 0.470414 0.000010 0.000010
0.000010 0.982367 0.000010 0.017603 0.000010
0.000010 0.999771 0.000010 0.000199 0.000010
0.000010 0.999960 0.000010 0.000010 0.000010
0.518480 0.481490 0.000010 0.000010 0.000010
0.999960 0.000010 0.000010 0.000010 0.000010
0.999960 0.000010 0.000010 0.000010 0.000010
0.522819 0.477151 0.000010 0.000010 0.000010
0.518427 0.481543 0.000010 0.000010 0.000010
0.000010 0.999960 0.000010 0.000010 0.000010
0.000010 0.921607 0.000010 0.078363 0.000010
0.457452 0.142830 0.327723 0.000010 0.071986
0.999954 0.000013 0.000010 0.000013 0.000010
0.000010 0.394952 0.000010 0.000010 0.605018
0.999960 0.000010 0.000010 0.000010 0.000010
0.000010 0.425055 0.571478 0.000010 0.003447
0.000010 0.000010 0.438158 0.000010 0.561812
0.000010 0.000010 0.000010 0.999960 0.000010
0.000010 0.000010 0.000010 0.484507 0.515463
0.000010 0.000010 0.000010 0.441774 0.558196
0.000010 0.443533 0.000010 0.000010 0.556437
0.000010 0.000010 0.000010 0.457108 0.542862
0.000010 0.415132 0.000010 0.000010 0.584838
0.000010 0.000010 0.000010 0.459126 0.540844
0.000010 0.000010 0.000010 0.410319 0.589651
0.000011 0.000010 0.000010 0.461130 0.538839
0.000010 0.000010 0.000010 0.465202 0.534768
0.000010 0.000010 0.000010 0.999960 0.000010
0.000010 0.000010 0.000010 0.999960 0.000010
0.000010 0.060892 0.000010 0.939078 0.000010
0.000010 0.000010 0.000010 0.454754 0.545216
0.000010 0.000012 0.000010 0.446147 0.553821
0.000010 0.000010 0.000010 0.422069 0.577901
0.000010 0.000010 0.000010 0.433506 0.566464
0.000010 0.649193 0.000010 0.350777 0.000010
0.000010 0.985329 0.000010 0.014641 0.000010
0.000010 0.999959 0.000011 0.000010 0.000010
0.000010 0.999960 0.000010 0.000010 0.000010
0.000010 0.999960 0.000010 0.000010 0.000010
0.000010 0.999960 0.000010 0.000010 0.000010
0.000010 0.380080 0.000010 0.606840 0.013060
0.000010 0.127771 0.000010 0.872199 0.000010
0.000010 0.000010 0.000010 0.999960 0.000010
0.000010 0.217965 0.152884 0.492277 0.136864
0.000010 0.000010 0.000010 0.999960 0.000010
0.000010 0.000010 0.000010 0.999960 0.000010
0.000010 0.000010 0.000010 0.999960 0.000010
0.000010 0.169904 0.000010 0.830066 0.000010
0.000010 0.000010 0.000010 0.999960 0.000010
0.000010 0.000010 0.000010 0.999960 0.000010
0.000010 0.259079 0.000010 0.740891 0.000010
0.000010 0.002287 0.000010 0.997683 0.000010
0.000010 0.000010 0.402526 0.597444 0.000010
0.582254 0.366218 0.051509 0.000010 0.000010
0.999960 0.000010 0.000010 0.000010 0.000010
0.999960 0.000010 0.000010 0.000010 0.000010
0.000010 0.369366 0.630604 0.000010 0.000010
0.999960 0.000010 0.000010 0.000010 0.000010
0.587463 0.000010 0.412502 0.000015 0.000010
0.545301 0.000010 0.454669 0.000010 0.000010
0.000010 0.000010 0.999960 0.000010 0.000010
0.000010 0.000010 0.884346 0.000010 0.115624
0.456664 0.000010 0.543306 0.000010 0.000010
0.000010 0.127418 0.872552 0.000010 0.000010
0.576610 0.054937 0.134322 0.234121 0.000010
0.450037 0.000010 0.549933 0.000010 0.000010
0.999960 0.000010 0.000010 0.000010 0.000010
0.999960 0.000010 0.000010 0.000010 0.000010
0.999960 0.000010 0.000010 0.000010 0.000010
0.999960 0.000010 0.000010 0.000010 0.000010
0.999960 0.000010 0.000010 0.000010 0.000010
0.999960 0.000010 0.000010 0.000010 0.000010
0.999960 0.000010 0.000010 0.000010 0.000010
