0.000013 0.000010 0.999947 0.000010 0.000010 0.000010
0.490152 0.000010 0.000010 0.000010 0.000010 0.509808
0.000010 0.000010 0.999950 0.000010 0.000010 0.000010
0.000010 0.000010 0.993011 0.000010 0.000010 0.006949
0.000010 0.000010 0.495950 0.000010 0.000010 0.504010
0.000010 0.000010 0.999950 0.000010 0.000010 0.000010
0.000010 0.000010 0.999950 0.000010 0.000010 0.000010
0.491431 0.000010 0.508529 0.000010 0.000010 0.000010
0.000010 0.000010 0.459554 0.000010 0.516334 0.024082
0.000010 0.000010 0.990248 0.000010 0.000010 0.009712
0.000010 0.502756 0.497204 0.000010 0.000010 0.000010
0.497043 0.000010 0.494968 0.000010 0.000010 0.007959
0.999950 0.000010 0.000010 0.000010 0.000010 0.000010
0.489778 0.000010 0.510182 0.000010 0.000010 0.000010
0.000010 0.500989 0.498971 0.000010 0.000010 0.000010
0.499368 0.500592 0.000010 0.000010 0.000010 0.000010
0.495157 0.000010 0.504803 0.000010 0.000010 0.000010
0.000010 0.495891 0.504069 0.000010 0.000010 0.000010
0.000010 0.240745 0.759215 0.000010 0.000010 0.000010
0.000010 0.000010 0.945816 0.000010 0.000010 0.054144
0.495519 0.000010 0.504441 0.000010 0.000010 0.000010
0.501306 0.000010 0.490358 0.000010 0.000010 0.008305
0.000010 0.000010 0.999950 0.000010 0.000010 0.000010
0.000010 0.000010 0.989225 0.000010 0.000010 0.010735
0.496774 0.000010 0.503186 0.000010 0.000010 0.000010
0.000010 0.497525 0.495019 0.000010 0.000010 0.007426
0.499041 0.500919 0.000010 0.000010 0.000010 0.000010
0.000010 0.508477 0.454380 0.000010 0.000010 0.037113
0.000010 0.496575 0.503385 0.000010 0.000010 0.000010
0.000010 0.500467 0.499493 0.000010 0.000010 0.000010
0.000010 0.000010 0.500510 0.000010 0.499450 0.000010
0.000010 0.498356 0.000010 0.000010 0.501604 0.000010
0.000010 0.000010 0.999950 0.000010 0.000010 0.000010
0.493751 0.000010 0.503705 0.000010 0.002515 0.000010
0.000010 0.500226 0.499734 0.000010 0.000010 0.000010
0.499627 0.000010 0.500333 0.000010 0.000010 0.000010
0.000010 0.500297 0.499663 0.000010 0.000010 0.000010
0.000010 0.495684 0.504276 0.000010 0.000010 0.000010
0.000010 0.493876 0.506084 0.000010 0.000010 0.000010
0.000010 0.499183 0.500777 0.000010 0.000010 0.000010
0.000010 0.501936 0.498024 0.000010 0.000010 0.000010
0.499725 0.000010 0.483696 0.000010 0.000010 0.016549
0.000010 0.000010 0.999950 0.000010 0.000010 0.000010
0.494714 0.000010 0.505246 0.000010 0.000010 0.000010
0.000010 0.500362 0.000010 0.000010 0.499598 0.000010
0.000010 0.999950 0.000010 0.000010 0.000010 0.000010
0.497782 0.502178 0.000010 0.000010 0.000010 0.000010
0.000010 0.501630 0.498330 0.000010 0.000010 0.000010
0.758974 0.000010 0.000010 0.000010 0.240986 0.000010
0.000010 0.000010 0.999950 0.000010 0.000010 0.000010
0.000010 0.000010 0.999950 0.000010 0.000010 0.000010
0.000010 0.000010 0.490817 0.000010 0.509143 0.000010
0.000010 0.000010 0.000010 0.000010 0.502311 0.497649
0.000010 0.000010 0.000010 0.000010 0.501383 0.498577
0.502233 0.000010 0.497727 0.000010 0.000010 0.000010
0.501411 0.000010 0.498549 0.000010 0.000010 0.000010
0.496244 0.000010 0.000010 0.000010 0.000010 0.503716
0.502823 0.000010 0.000010 0.000010 0.000010 0.497137
0.485098 0.000010 0.504738 0.000010 0.000010 0.010134
0.000010 0.000010 0.999950 0.000010 0.000010 0.000010
0.000010 0.000010 0.999950 0.000010 0.000010 0.000010
0.000010 0.000010 0.999950 0.000010 0.000010 0.000010
0.000010 0.000010 0.997243 0.000010 0.000010 0.002717
0.000010 0.230805 0.262892 0.000010 0.506273 0.000010
0.000010 0.000010 0.748667 0.251293 0.000010 0.000010
0.000010 0.650401 0.349559 0.000010 0.000010 0.000010
0.999950 0.000010 0.000010 0.000010 0.000010 0.000010
0.999950 0.000010 0.000010 0.000010 0.000010 0.000010
0.999950 0.000010 0.000010 0.000010 0.000010 0.000010
0.999950 0.000010 0.000010 0.000010 0.000010 0.000010
0.999950 0.000010 0.000010 0.000010 0.000010 0.000010
0.493582 0.000010 0.000010 0.000010 0.000010 0.506378
0.495089 0.000010 0.000010 0.000010 0.000010 0.504871
0.491753 0.000010 0.000010 0.000010 0.000010 0.508207
0.491297 0.000010 0.000010 0.000010 0.000010 0.508663
0.492915 0.000010 0.000010 0.000010 0.000010 0.507045
0.495695 0.000010 0.000010 0.000010 0.000010 0.504265
0.000010 0.498716 0.000010 0.000010 0.000010 0.501244
0.383639 0.000010 0.490093 0.000010 0.126238 0.000010
0.499078 0.500882 0.000010 0.000010 0.000010 0.000010
0.930655 0.000010 0.000010 0.000010 0.069305 0.000010
0.498090 0.000010 0.501870 0.000010 0.000010 0.000010
0.490975 0.000010 0.000010 0.000010 0.000010 0.508985
0.487389 0.000010 0.000010 0.000010 0.000010 0.512571
0.494622 0.000010 0.000010 0.000010 0.000010 0.505338
0.490600 0.000010 0.000011 0.000010 0.000010 0.509359
0.494427 0.000010 0.000010 0.000010 0.000010 0.505533
0.000010 0.000010 0.501843 0.000010 0.000010 0.498117
0.000010 0.000010 0.462912 0.000010 0.000010 0.537048
0.000010 0.000010 0.497853 0.000010 0.000010 0.502107
0.000010 0.000010 0.999950 0.000010 0.000010 0.000010
0.000010 0.000010 0.991231 0.000010 0.000010 0.008729
0.000010 0.000010 0.999950 0.000010 0.000010 0.000010
0.000010 0.000010 0.999940 0.000020 0.000010 0.000010
0.000010 0.000010 0.999950 0.000010 0.000010 0.000010
0.000010 0.000010 0.999950 0.000010 0.000010 0.000010
0.000010 0.505986 0.478970 0.000010 0.000010 0.015014
0.000010 0.999950 0.000010 0.000010 0.000010 0.000010
0.000010 0.497034 0.000010 0.000010 0.502926 0.000010
0.000010 0.503206 0.000010 0.000010 0.496754 0.000010
0.000010 0.000010 0.501001 0.000010 0.498959 0.000010
0.000010 0.497883 0.000010 0.000010 0.502077 0.000010
0.000010 0.000010 0.864523 0.135437 0.000010 0.000010
0.000010 0.000010 0.842001 0.157959 0.000010 0.000010
0.000010 0.000010 0.000010 0.999950 0.000010 0.000010
0.000010 0.500035 0.499924 0.000010 0.000011 0.000010
0.000010 0.999941 0.000010 0.000019 0.000010 0.000010
0.000010 0.999950 0.000010 0.000010 0.000010 0.000010
0.000010 0.501281 0.498679 0.000010 0.000010 0.000010
0.000010 0.505559 0.494401 0.000010 0.000010 0.000010
0.000010 0.000010 0.999950 0.000010 0.000010 0.000010
0.000010 0.000010 0.772363 0.227594 0.000014 0.000010
0.000010 0.714933 0.285027 0.000010 0.000010 0.000010
0.000010 0.999950 0.000010 0.000010 0.000010 0.000010
0.000010 0.000010 0.494277 0.000010 0.000010 0.505683
0.000010 0.999950 0.000010 0.000010 0.000010 0.000010
0.000010 0.000010 0.497697 0.000010 0.502263 0.000010
0.000010 0.000010 0.475773 0.000010 0.000010 0.524187
0.999950 0.000010 0.000010 0.000010 0.000010 0.000010
0.489413 0.000010 0.000010 0.000010 0.000010 0.510547
0.491453 0.000010 0.000010 0.000010 0.000010 0.508507
0.000010 0.000010 0.501020 0.000010 0.000010 0.498940
0.495343 0.000010 0.000010 0.000010 0.000010 0.504617
0.000010 0.000010 0.506484 0.000010 0.000010 0.493476
0.486378 0.000010 0.000010 0.000010 0.000010 0.513582
0.487734 0.000010 0.000010 0.000010 0.000010 0.512226
0.492991 0.000010 0.000010 0.000010 0.000010 0.506969
0.492774 0.000010 0.000012 0.000010 0.000010 0.507184
0.999950 0.000010 0.000010 0.000010 0.000010 0.000010
0.999950 0.000010 0.000010 0.000010 0.000010 0.000010
0.999950 0.000010 0.000010 0.000010 0.000010 0.000010
0.498385 0.000010 0.000010 0.000010 0.000010 0.501575
0.491200 0.000010 0.000010 0.000010 0.000010 0.508760
0.492179 0.000010 0.000010 0.000010 0.000010 0.507781
0.494629 0.000010 0.000010 0.000010 0.000010 0.505331
0.490332 0.000010 0.509628 0.000010 0.000010 0.000010
0.000010 0.000010 0.772008 0.227952 0.000010 0.000010
0.000010 0.000010 0.000010 0.999950 0.000010 0.000010
0.000010 0.000010 0.743969 0.255991 0.000010 0.000010
0.000010 0.000010 0.000010 0.999950 0.000010 0.000010
0.000010 0.000010 0.000010 0.999950 0.000010 0.000010
0.999950 0.000010 0.000010 0.000010 0.000010 0.000010
0.999950 0.000010 0.000010 0.000010 0.000010 0.000010
0.999950 0.000010 0.000010 0.000010 0.000010 0.000010
0.509418 0.000010 0.490542 0.000010 0.000010 0.000010
0.999950 0.000010 0.000010 0.000010 0.000010 0.000010
0.999950 0.000010 0.000010 0.000010 0.000010 0.000010
0.999950 0.000010 0.000010 0.000010 0.000010 0.000010
0.999950 0.000010 0.000010 0.000010 0.000010 0.000010
0.999950 0.000010 0.000010 0.000010 0.000010 0.000010
0.999950 0.000010 0.000010 0.000010 0.000010 0.000010
0.999950 0.000010 0.000010 0.000010 0.000010 0.000010
0.999950 0.000010 0.000010 0.000010 0.000010 0.000010
0.507328 0.000010 0.000010 0.000010 0.492632 0.000010
0.000010 0.510732 0.489228 0.000010 0.000010 0.000010
0.000010 0.999950 0.000010 0.000010 0.000010 0.000010
0.000010 0.999950 0.000010 0.000010 0.000010 0.000010
0.000010 0.000010 0.482337 0.000010 0.517623 0.000010
0.000010 0.999950 0.000010 0.000010 0.000010 0.000010
0.000010 0.502086 0.000010 0.000010 0.497874 0.000010
0.000010 0.500784 0.000010 0.000010 0.499176 0.000010
0.000010 0.000010 0.000010 0.000010 0.999950 0.000010
0.000010 0.000010 0.500362 0.000010 0.499598 0.000010
0.000010 0.495181 0.000010 0.000010 0.504779 0.000010
0.000010 0.000019 0.000010 0.000010 0.999941 0.000010
0.000010 0.999950 0.000010 0.000010 0.000010 0.000010
0.000010 0.501201 0.000018 0.000012 0.498748 0.000010
0.000010 0.999950 0.000010 0.000010 0.000010 0.000010
0.000010 0.999947 0.000010 0.000013 0.000010 0.000010
0.000010 0.999950 0.000010 0.000010 0.000010 0.000010
0.000010 0.999950 0.000010 0.000010 0.000010 0.000010
0.000010 0.999950 0.000010 0.000010 0.000010 0.000010
0.000010 0.999950 0.000010 0.000010 0.000010 0.000010
0.000010 0.999950 0.000010 0.000010 0.000010 0.000010
