0.000010 0.999936 0.000010 0.000014 0.000010 0.000010 0.000010
0.442793 0.000010 0.000010 0.000010 0.557157 0.000010 0.000010
0.000010 0.981500 0.000010 0.000010 0.018450 0.000010 0.000010
0.000010 0.999940 0.000010 0.000010 0.000010 0.000010 0.000010
0.000010 0.409492 0.000010 0.000011 0.590457 0.000010 0.000010
0.000010 0.999937 0.000011 0.000012 0.000010 0.000010 0.000010
0.000010 0.999931 0.000014 0.000015 0.000010 0.000010 0.000010
0.000010 0.999940 0.000010 0.000010 0.000010 0.000010 0.000010
0.028465 0.730421 0.000010 0.000010 0.000010 0.241074 0.000010
0.000010 0.999924 0.000017 0.000018 0.000010 0.000010 0.000010
0.000010 0.488458 0.000010 0.000010 0.012342 0.000010 0.499160
0.385509 0.614441 0.000010 0.000010 0.000010 0.000010 0.000010
0.999940 0.000010 0.000010 0.000010 0.000010 0.000010 0.000010
0.535739 0.464209 0.000010 0.000010 0.000012 0.000010 0.000010
0.000010 0.460183 0.000010 0.034219 0.000010 0.000010 0.505558
0.503748 0.000010 0.000010 0.000010 0.000010 0.000010 0.496202
0.459168 0.540782 0.000010 0.000010 0.000010 0.000010 0.000010
0.000010 0.451527 0.000010 0.000010 0.000010 0.042777 0.505656
0.000010 0.283372 0.716578 0.000010 0.000010 0.000010 0.000010
0.000010 0.399138 0.000010 0.000010 0.000010 0.600812 0.000010
0.494803 0.504338 0.000010 0.000017 0.000812 0.000010 0.000010
0.542406 0.457535 0.000010 0.000018 0.000010 0.000011 0.000010
0.000010 0.999936 0.000010 0.000014 0.000010 0.000010 0.000010
0.000010 0.999939 0.000010 0.000010 0.000011 0.000010 0.000010
0.502087 0.497863 0.000010 0.000010 0.000010 0.000010 0.000010
0.000010 0.496012 0.000010 0.000010 0.000010 0.000010 0.503938
0.499618 0.000010 0.000010 0.000010 0.000010 0.000010 0.500332
0.000010 0.494457 0.116738 0.000010 0.000010 0.388765 0.000010
0.000010 0.932971 0.050925 0.000010 0.003766 0.012308 0.000010
0.000010 0.498178 0.000010 0.000010 0.000011 0.000010 0.501771
0.000010 0.716358 0.000010 0.000010 0.000010 0.283592 0.000010
0.009282 0.434485 0.000010 0.000010 0.000010 0.049510 0.506692
0.000010 0.999931 0.000010 0.000010 0.000019 0.000010 0.000010
0.504697 0.495252 0.000010 0.000010 0.000010 0.000012 0.000010
0.000010 0.213571 0.000010 0.000010 0.000010 0.280114 0.506276
0.339979 0.633074 0.000010 0.000010 0.026906 0.000010 0.000010
0.000010 0.484579 0.000010 0.000010 0.000010 0.016571 0.498810
0.000014 0.493781 0.000011 0.000010 0.000010 0.000010 0.506164
0.000011 0.503508 0.000010 0.000010 0.000010 0.000010 0.496441
0.000010 0.492272 0.000010 0.000013 0.000018 0.000010 0.507667
0.000010 0.491856 0.000014 0.000010 0.000010 0.000010 0.508090
0.415730 0.584205 0.000014 0.000020 0.000010 0.000011 0.000010
0.000010 0.999940 0.000010 0.000010 0.000010 0.000010 0.000010
0.463976 0.487831 0.000010 0.000010 0.000010 0.048153 0.000010
0.000010 0.004233 0.000010 0.000010 0.000010 0.514376 0.481351
0.000010 0.000010 0.000010 0.000010 0.000010 0.037584 0.962366
0.490157 0.000010 0.000010 0.000010 0.000010 0.000010 0.509793
0.000010 0.507792 0.000010 0.000010 0.000010 0.000010 0.492158
0.806584 0.000010 0.000010 0.000010 0.004631 0.188745 0.000010
0.000010 0.999933 0.000017 0.000010 0.000010 0.000010 0.000010
0.000010 0.999940 0.000010 0.000010 0.000010 0.000010 0.000010
0.000010 0.389341 0.000010 0.000010 0.000010 0.610609 0.000010
0.000010 0.000010 0.000010 0.000010 0.494996 0.504954 0.000010
0.000010 0.000010 0.000013 0.000010 0.496945 0.503002 0.000010
0.448382 0.000010 0.551568 0.000010 0.000010 0.000010 0.000010
0.446946 0.000010 0.553004 0.000010 0.000010 0.000010 0.000010
0.378060 0.000010 0.000010 0.000010 0.621890 0.000010 0.000010
0.444761 0.000010 0.000010 0.000010 0.555189 0.000010 0.000010
0.503578 0.480331 0.000010 0.000010 0.016051 0.000010 0.000010
0.000010 0.909534 0.090416 0.000010 0.000010 0.000010 0.000010
0.000010 0.999940 0.000010 0.000010 0.000010 0.000010 0.000010
0.000010 0.999940 0.000010 0.000010 0.000010 0.000010 0.000010
0.000010 0.999937 0.000010 0.000010 0.000010 0.000013 0.000010
0.000010 0.000010 0.999940 0.000010 0.000010 0.000010 0.000010
0.000010 0.000010 0.000010 0.999940 0.000010 0.000010 0.000010
0.000010 0.000010 0.522553 0.000010 0.000010 0.000010 0.477397
0.715254 0.144490 0.000010 0.000010 0.000010 0.140217 0.000010
0.715524 0.058103 0.000010 0.000010 0.000010 0.226333 0.000010
0.600121 0.000010 0.000010 0.000010 0.000010 0.399829 0.000010
0.948986 0.000010 0.000010 0.000010 0.000010 0.050964 0.000010
0.999940 0.000010 0.000010 0.000010 0.000010 0.000010 0.000010
0.449376 0.000010 0.000010 0.000011 0.550573 0.000010 0.000010
0.143387 0.000010 0.000010 0.000010 0.608863 0.247710 0.000010
0.347722 0.000010 0.000010 0.000010 0.538825 0.113413 0.000010
0.000010 0.000010 0.000010 0.000010 0.516864 0.483086 0.000010
0.433571 0.000010 0.000010 0.000010 0.566379 0.000010 0.000010
0.000010 0.000010 0.000010 0.000010 0.522109 0.477841 0.000010
0.000010 0.000010 0.000010 0.000010 0.507619 0.000010 0.492331
0.000010 0.703912 0.000010 0.000010 0.000010 0.296038 0.000010
0.501367 0.000010 0.000015 0.000010 0.000010 0.000010 0.498578
0.563959 0.037217 0.000010 0.000010 0.000011 0.398783 0.000010
0.493077 0.499392 0.000010 0.000010 0.005346 0.002155 0.000010
0.371338 0.032536 0.000010 0.000010 0.596086 0.000010 0.000010
0.238692 0.135419 0.000010 0.000010 0.625849 0.000010 0.000010
0.413491 0.000010 0.000010 0.000010 0.586452 0.000017 0.000010
0.476868 0.000017 0.000010 0.000010 0.523074 0.000010 0.000010
0.000010 0.234288 0.000010 0.000010 0.614621 0.151051 0.000010
0.000010 0.411934 0.000010 0.000010 0.588016 0.000010 0.000010
0.000010 0.384899 0.000010 0.000010 0.615051 0.000010 0.000010
0.000010 0.403222 0.000010 0.000010 0.596728 0.000010 0.000010
0.000010 0.697950 0.000013 0.301995 0.000010 0.000012 0.000010
0.000010 0.999939 0.000011 0.000010 0.000010 0.000010 0.000010
0.000010 0.999935 0.000010 0.000015 0.000010 0.000010 0.000010
0.000010 0.999940 0.000010 0.000010 0.000010 0.000010 0.000010
0.000010 0.973527 0.000010 0.026423 0.000010 0.000010 0.000010
0.000010 0.968159 0.000010 0.000010 0.000010 0.031791 0.000010
0.000010 0.023340 0.000010 0.000010 0.000010 0.501290 0.475329
0.000010 0.000010 0.000010 0.000010 0.000010 0.000010 0.999940
0.000010 0.110771 0.000010 0.000010 0.000010 0.381006 0.508182
0.000010 0.000010 0.000010 0.000010 0.000010 0.502319 0.497631
0.019190 0.767980 0.000010 0.000010 0.000010 0.212790 0.000010
0.000010 0.046396 0.000010 0.000010 0.000010 0.449484 0.504080
0.000010 0.810565 0.000010 0.189385 0.000010 0.000010 0.000010
0.000010 0.000010 0.000010 0.999940 0.000010 0.000010 0.000010
0.000010 0.000010 0.000010 0.999940 0.000010 0.000010 0.000010
0.000010 0.000010 0.000010 0.000010 0.000010 0.000010 0.999940
0.000010 0.000019 0.000013 0.000011 0.000010 0.000010 0.999927
0.000010 0.452005 0.000010 0.000010 0.000010 0.028412 0.519544
0.000010 0.000010 0.000010 0.000010 0.000010 0.000010 0.999940
0.000010 0.000010 0.000010 0.000010 0.000010 0.000010 0.999940
0.000010 0.000010 0.000010 0.000010 0.000010 0.000010 0.999940
0.000010 0.089821 0.000010 0.910129 0.000010 0.000010 0.000010
0.000010 0.000010 0.515727 0.000010 0.000010 0.000010 0.484223
0.000010 0.000020 0.000010 0.000012 0.000010 0.000010 0.999929
0.000010 0.418852 0.000010 0.000010 0.581098 0.000010 0.000010
0.000010 0.000010 0.000010 0.000010 0.000010 0.000010 0.999940
0.162970 0.684026 0.000010 0.000010 0.000010 0.152964 0.000010
0.000010 0.000010 0.000010 0.000010 0.574800 0.425150 0.000010
0.923879 0.076071 0.000010 0.000010 0.000010 0.000010 0.000010
0.420404 0.000010 0.000010 0.000010 0.579546 0.000010 0.000010
0.432620 0.000010 0.000010 0.000010 0.567330 0.000010 0.000010
0.000010 0.395312 0.000010 0.000010 0.604638 0.000010 0.000010
0.404204 0.000010 0.000010 0.000010 0.595746 0.000010 0.000010
0.000010 0.385279 0.000011 0.000010 0.614670 0.000010 0.000010
0.332972 0.016796 0.000010 0.000010 0.650191 0.000010 0.000010
0.448879 0.000010 0.000010 0.000010 0.551071 0.000010 0.000010
0.267674 0.000014 0.000010 0.000010 0.584186 0.148096 0.000010
0.182656 0.000010 0.000010 0.000010 0.580519 0.236785 0.000010
0.845202 0.000010 0.000010 0.000010 0.000010 0.154748 0.000010
0.423443 0.000010 0.000010 0.000010 0.000010 0.576507 0.000010
0.999940 0.000010 0.000010 0.000010 0.000010 0.000010 0.000010
0.446487 0.000010 0.000010 0.000010 0.553463 0.000010 0.000010
0.416162 0.000010 0.000010 0.000010 0.583788 0.000010 0.000010
0.459559 0.000010 0.000013 0.000011 0.540386 0.000010 0.000010
0.394363 0.000010 0.000010 0.000010 0.552271 0.053326 0.000010
0.288963 0.680789 0.017568 0.000010 0.012649 0.000010 0.000010
0.000010 0.000010 0.000010 0.999940 0.000010 0.000010 0.000010
0.000010 0.000010 0.000010 0.999931 0.000019 0.000010 0.000010
0.000010 0.002087 0.000010 0.997863 0.000010 0.000010 0.000010
0.000010 0.000010 0.000020 0.999928 0.000010 0.000012 0.000010
0.000010 0.000010 0.000010 0.999940 0.000010 0.000010 0.000010
0.778103 0.221847 0.000010 0.000010 0.000010 0.000010 0.000010
0.907715 0.000010 0.000010 0.000010 0.000010 0.092235 0.000010
0.999940 0.000010 0.000010 0.000010 0.000010 0.000010 0.000010
0.461714 0.000010 0.000010 0.000010 0.000010 0.538235 0.000010
0.811825 0.055362 0.000010 0.000010 0.000010 0.132773 0.000010
0.965518 0.034432 0.000010 0.000010 0.000010 0.000010 0.000010
0.863590 0.000010 0.000013 0.000010 0.000010 0.136357 0.000010
0.959876 0.040064 0.000012 0.000018 0.000010 0.000010 0.000010
0.849212 0.150738 0.000010 0.000010 0.000010 0.000010 0.000010
0.999938 0.000010 0.000012 0.000010 0.000010 0.000010 0.000010
0.832158 0.000010 0.000010 0.000010 0.000010 0.167792 0.000010
0.931851 0.000010 0.000010 0.000010 0.000010 0.068099 0.000010
0.509064 0.000010 0.000010 0.000010 0.000010 0.490886 0.000010
0.000010 0.394719 0.000010 0.000014 0.000010 0.089425 0.515812
0.000010 0.000010 0.000011 0.000010 0.000010 0.000010 0.999939
0.000010 0.000010 0.000010 0.000010 0.000010 0.000010 0.999940
0.000010 0.734037 0.000010 0.000010 0.000010 0.265913 0.000010
0.000010 0.000017 0.000010 0.000010 0.000010 0.000010 0.999933
0.000010 0.388298 0.000010 0.046115 0.000010 0.565547 0.000010
0.000010 0.000010 0.000010 0.000010 0.000010 0.492625 0.507325
0.000010 0.000010 0.000010 0.000010 0.000010 0.999940 0.000010
0.086288 0.152221 0.000010 0.000010 0.000010 0.761451 0.000010
0.000010 0.038594 0.000010 0.000010 0.000010 0.460811 0.500555
0.000010 0.110701 0.000010 0.000010 0.000010 0.889249 0.000010
0.000010 0.000010 0.000010 0.000010 0.000010 0.000010 0.999940
0.000010 0.237702 0.000010 0.000010 0.000010 0.260407 0.501851
0.000010 0.000010 0.000010 0.000010 0.000010 0.000010 0.999940
0.000010 0.000010 0.000010 0.000010 0.000010 0.000010 0.999940
0.000010 0.000010 0.000010 0.000010 0.000010 0.000010 0.999940
0.000010 0.000019 0.000010 0.000012 0.000010 0.000010 0.999929
0.000010 0.000010 0.000010 0.000014 0.000010 0.000010 0.999936
0.000010 0.000010 0.000010 0.000010 0.000010 0.000010 0.999940
0.000010 0.000010 0.000010 0.000010 0.000010 0.000010 0.999940
