0.000010 0.999958 0.000010 0.000012 0.000010
0.000013 0.000015 0.000010 0.999952 0.000010
0.000010 0.999960 0.000010 0.000010 0.000010
0.000010 0.999960 0.000010 0.000010 0.000010
0.000010 0.541652 0.000010 0.458318 0.000010
0.000010 0.999960 0.000010 0.000010 0.000010
0.000010 0.999960 0.000010 0.000010 0.000010
0.000010 0.999950 0.000010 0.000020 0.000010
0.000010 0.752798 0.000010 0.000010 0.247172
0.000010 0.999960 0.000010 0.000010 0.000010
0.499856 0.500111 0.000013 0.000010 0.000010
0.000010 0.580900 0.000010 0.419070 0.000010
0.000010 0.000010 0.000010 0.999960 0.000010
0.000010 0.444371 0.000010 0.555599 0.000010
0.505223 0.461188 0.033569 0.000010 0.000010
0.504646 0.000017 0.000010 0.495316 0.000010
0.000010 0.508858 0.000010 0.457142 0.033979
0.505279 0.452837 0.000010 0.000010 0.041864
0.000010 0.367527 0.032177 0.000010 0.600276
0.000010 0.410937 0.000010 0.000010 0.589033
0.000010 0.465319 0.000012 0.534649 0.000010
0.000010 0.419570 0.000010 0.580400 0.000010
0.000010 0.999952 0.000010 0.000018 0.000010
0.000010 0.999960 0.000010 0.000010 0.000010
0.000010 0.471543 0.000010 0.528427 0.000010
0.504106 0.495864 0.000010 0.000010 0.000010
0.507879 0.000010 0.000010 0.492091 0.000010
0.000010 0.502400 0.000010 0.000010 0.497570
0.000010 0.944429 0.000010 0.000010 0.055541
0.501283 0.498687 0.000010 0.000010 0.000010
0.000010 0.736334 0.000010 0.000010 0.263636
0.508163 0.447179 0.000010 0.000010 0.044638
0.000010 0.999960 0.000010 0.000010 0.000010
0.000010 0.469164 0.000010 0.530806 0.000010
0.507479 0.234465 0.000010 0.000010 0.258037
0.000010 0.603509 0.000010 0.381624 0.014848
0.500832 0.499138 0.000010 0.000010 0.000010
0.505988 0.493982 0.000010 0.000010 0.000010
0.496295 0.503675 0.000010 0.000010 0.000010
0.507055 0.492915 0.000010 0.000010 0.000010
0.508063 0.491902 0.000010 0.000015 0.000010
0.000010 0.571069 0.000018 0.428893 0.000010
0.000010 0.999960 0.000010 0.000010 0.000010
0.000010 0.468317 0.000010 0.452813 0.078850
0.478866 0.037803 0.000010 0.000010 0.483312
0.963236 0.000010 0.000010 0.000010 0.036734
0.515979 0.000012 0.000010 0.483990 0.000010
0.491926 0.508044 0.000010 0.000010 0.000010
0.000010 0.000010 0.000010 0.755948 0.244022
0.000010 0.999960 0.000010 0.000010 0.000010
0.000010 0.999953 0.000017 0.000010 0.000010
0.000010 0.433627 0.000010 0.000010 0.566343
0.000010 0.000010 0.000010 0.522963 0.477007
0.000010 0.000010 0.000010 0.512644 0.487326
0.000010 0.000010 0.000010 0.422854 0.577116
0.000010 0.000010 0.000010 0.426725 0.573245
0.000010 0.016942 0.000010 0.983028 0.000010
0.000010 0.000011 0.000010 0.999959 0.000010
0.000010 0.443248 0.000010 0.556722 0.000010
0.000010 0.913970 0.000010 0.000010 0.086000
0.000010 0.999955 0.000010 0.000015 0.000010
0.000010 0.999960 0.000010 0.000010 0.000010
0.000010 0.999960 0.000010 0.000010 0.000010
0.000010 0.000010 0.000010 0.000010 0.999960
0.000010 0.000010 0.999960 0.000010 0.000010
0.483452 0.000010 0.000010 0.000010 0.516518
0.000010 0.145400 0.000010 0.657045 0.197535
0.000010 0.000010 0.000010 0.717519 0.282451
0.000010 0.000010 0.000010 0.514303 0.485667
0.000010 0.000010 0.000010 0.894672 0.105298
0.000010 0.000010 0.000010 0.999960 0.000010
0.000010 0.000010 0.000010 0.999960 0.000010
0.000010 0.082771 0.000010 0.728475 0.188733
0.000010 0.000010 0.000010 0.888189 0.111781
0.000010 0.000010 0.000010 0.558802 0.441168
0.000010 0.000010 0.000010 0.999960 0.000010
0.000010 0.000010 0.000010 0.581360 0.418610
0.489307 0.000010 0.000010 0.510663 0.000010
0.000010 0.722837 0.000010 0.000010 0.277133
0.506588 0.000010 0.000010 0.493382 0.000010
0.000010 0.006043 0.000010 0.534101 0.459836
0.000010 0.456738 0.000010 0.521707 0.021535
0.000010 0.128763 0.000010 0.871207 0.000010
0.000010 0.237210 0.000011 0.762759 0.000010
0.000010 0.000010 0.000010 0.999960 0.000010
0.000010 0.000013 0.000010 0.999957 0.000010
0.000010 0.382717 0.000010 0.504482 0.112781
0.000010 0.539586 0.000010 0.460384 0.000010
0.000010 0.538859 0.000010 0.461111 0.000010
0.000010 0.554754 0.000010 0.445216 0.000010
0.000010 0.698618 0.301348 0.000013 0.000010
0.000010 0.999960 0.000010 0.000010 0.000010
0.000010 0.999960 0.000010 0.000010 0.000010
0.000011 0.999959 0.000010 0.000010 0.000010
0.000010 0.973189 0.026781 0.000010 0.000010
0.000010 0.973594 0.000010 0.000010 0.026376
0.473369 0.050516 0.000010 0.000010 0.476095
0.999960 0.000010 0.000010 0.000010 0.000010
0.507027 0.132085 0.000010 0.000010 0.360868
0.496653 0.000010 0.000010 0.000010 0.503317
0.000010 0.784281 0.000010 0.000010 0.215689
0.503044 0.076980 0.000010 0.000010 0.419956
0.000010 0.811772 0.188198 0.000010 0.000010
0.000010 0.000010 0.999959 0.000011 0.000010
0.000010 0.000010 0.999960 0.000010 0.000010
0.999960 0.000010 0.000010 0.000010 0.000010
0.999960 0.000010 0.000010 0.000010 0.000010
0.519776 0.454041 0.000010 0.000010 0.026162
0.999960 0.000010 0.000010 0.000010 0.000010
0.999960 0.000010 0.000010 0.000010 0.000010
0.999960 0.000010 0.000010 0.000010 0.000010
0.000010 0.089131 0.910830 0.000019 0.000010
0.504392 0.000010 0.000010 0.000010 0.495578
0.999960 0.000010 0.000010 0.000010 0.000010
0.000010 0.573672 0.000010 0.426298 0.000010
0.999960 0.000010 0.000010 0.000010 0.000010
0.000010 0.680523 0.000010 0.152107 0.167350
0.000010 0.080605 0.000010 0.547239 0.372136
0.000010 0.009659 0.000010 0.990311 0.000010
0.000010 0.000010 0.000010 0.999960 0.000010
0.000010 0.000019 0.000010 0.999951 0.000010
0.000010 0.517262 0.000010 0.482708 0.000010
0.000010 0.008311 0.000010 0.991659 0.000010
0.000010 0.531295 0.000010 0.468674 0.000010
0.000010 0.159054 0.000010 0.840916 0.000010
0.000010 0.000010 0.000010 0.999960 0.000010
0.000010 0.072713 0.000010 0.815460 0.111807
0.000010 0.021302 0.000010 0.762952 0.215726
0.000010 0.000010 0.000010 0.760402 0.239568
0.000010 0.000017 0.000010 0.324911 0.675053
0.000010 0.000010 0.000010 0.999960 0.000010
0.000010 0.000010 0.000010 0.999960 0.000010
0.000010 0.038950 0.000010 0.961020 0.000010
0.000010 0.000010 0.000010 0.999960 0.000010
0.000010 0.000010 0.000010 0.947792 0.052178
0.000010 0.659231 0.000010 0.323259 0.017491
0.000010 0.000010 0.999960 0.000010 0.000010
0.000010 0.000010 0.999960 0.000010 0.000010
0.000010 0.000101 0.999869 0.000010 0.000010
0.000010 0.000010 0.999960 0.000010 0.000010
0.000010 0.000010 0.999959 0.000011 0.000010
0.000010 0.200144 0.000010 0.799826 0.000010
0.000010 0.000010 0.000010 0.826148 0.173822
0.000010 0.000010 0.000010 0.945559 0.054411
0.000010 0.000010 0.000010 0.408489 0.591481
0.000010 0.000019 0.000010 0.828703 0.171258
0.000010 0.000010 0.000010 0.999960 0.000010
0.000010 0.000010 0.000010 0.800947 0.199023
0.000010 0.000010 0.000010 0.999960 0.000010
0.000010 0.109357 0.000019 0.890605 0.000010
0.000010 0.000010 0.000010 0.999960 0.000010
0.000010 0.000010 0.000010 0.750799 0.249171
0.000010 0.000016 0.000010 0.853745 0.146219
0.000010 0.000010 0.000010 0.447336 0.552634
0.515540 0.401108 0.000010 0.000010 0.083332
0.999960 0.000010 0.000010 0.000010 0.000010
0.999960 0.000010 0.000010 0.000010 0.000010
0.000010 0.758109 0.000010 0.000010 0.241861
0.999960 0.000010 0.000010 0.000010 0.000010
0.000010 0.410180 0.042009 0.000010 0.547791
0.507734 0.000010 0.000010 0.000010 0.492236
0.000010 0.000010 0.000010 0.000010 0.999960
0.000010 0.193372 0.000010 0.072612 0.733996
0.499512 0.078943 0.000010 0.000010 0.421525
0.000010 0.174204 0.000010 0.000010 0.825766
0.999960 0.000010 0.000010 0.000010 0.000010
0.502633 0.247332 0.000010 0.000010 0.250015
0.999959 0.000011 0.000010 0.000010 0.000010
0.999960 0.000010 0.000010 0.000010 0.000010
0.999960 0.000010 0.000010 0.000010 0.000010
0.999960 0.000010 0.000010 0.000010 0.000010
0.999960 0.000010 0.000010 0.000010 0.000010
0.999960 0.000010 0.000010 0.000010 0.000010
0.999960 0.000010 0.000010 0.000010 0.000010
