0.628018 0.000010 0.000010 0.371892 0.000010 0.000010 0.000010 0.000010 0.000010 0.000010 0.000010
0.000010 0.286689 0.092821 0.000010 0.000010 0.000010 0.000010 0.000010 0.000010 0.078816 0.541604
0.047878 0.000010 0.000010 0.613728 0.000010 0.000010 0.000010 0.000010 0.000010 0.241848 0.096477
0.000010 0.000010 0.000010 0.317609 0.000010 0.000010 0.000010 0.000014 0.000010 0.682297 0.000010
0.000010 0.000010 0.000010 0.450048 0.000010 0.000010 0.000010 0.000010 0.000010 0.000010 0.549862
0.999900 0.000010 0.000010 0.000010 0.000010 0.000010 0.000010 0.000010 0.000010 0.000010 0.000010
0.999900 0.000010 0.000010 0.000010 0.000010 0.000010 0.000010 0.000010 0.000010 0.000010 0.000010
0.000010 0.165873 0.313992 0.447139 0.000010 0.000010 0.030935 0.000010 0.000010 0.042002 0.000010
0.041756 0.000010 0.097775 0.000010 0.000010 0.000010 0.000010 0.146306 0.000010 0.672028 0.042076
0.000010 0.000010 0.000010 0.921187 0.000010 0.000010 0.000010 0.000010 0.000010 0.078723 0.000010
0.194731 0.000010 0.000010 0.293306 0.000010 0.331731 0.000010 0.000010 0.000010 0.180161 0.000010
0.099370 0.000010 0.504757 0.357931 0.000010 0.000010 0.037872 0.000010 0.000010 0.000010 0.000010
0.000010 0.727670 0.272240 0.000010 0.000010 0.000010 0.000010 0.000010 0.000010 0.000010 0.000010
0.000010 0.071219 0.349008 0.531958 0.000010 0.000010 0.047745 0.000010 0.000010 0.000010 0.000010
0.000010 0.000010 0.000010 0.487410 0.123560 0.185758 0.000010 0.000010 0.203201 0.000010 0.000010
0.000010 0.462552 0.000010 0.000010 0.537358 0.000010 0.000010 0.000010 0.000010 0.000010 0.000010
0.000010 0.233491 0.274057 0.492371 0.000010 0.000010 0.000010 0.000010 0.000010 0.000010 0.000010
0.000010 0.000010 0.000010 0.468709 0.000011 0.531199 0.000010 0.000010 0.000010 0.000010 0.000010
0.000010 0.000010 0.000010 0.242359 0.000010 0.000010 0.000011 0.757549 0.000010 0.000010 0.000010
0.000010 0.000010 0.000010 0.432742 0.000010 0.000010 0.050361 0.404989 0.000010 0.000010 0.111838
0.000010 0.343264 0.009954 0.646702 0.000010 0.000010 0.000010 0.000010 0.000010 0.000010 0.000010
0.033789 0.000010 0.507509 0.406660 0.000010 0.000010 0.051972 0.000010 0.000010 0.000010 0.000010
0.117840 0.000010 0.000013 0.882062 0.000010 0.000010 0.000013 0.000012 0.000010 0.000010 0.000010
0.154401 0.000010 0.000010 0.845509 0.000010 0.000010 0.000010 0.000010 0.000010 0.000010 0.000010
0.040872 0.554582 0.004547 0.399929 0.000010 0.000010 0.000010 0.000010 0.000010 0.000010 0.000010
0.000010 0.000010 0.000010 0.528721 0.471189 0.000010 0.000010 0.000010 0.000010 0.000010 0.000010
0.000010 0.451273 0.000010 0.000010 0.055116 0.493531 0.000010 0.000010 0.000010 0.000010 0.000010
0.000010 0.000010 0.000010 0.000010 0.000010 0.181616 0.000010 0.518501 0.288648 0.000010 0.011164
0.000010 0.000010 0.000010 0.467365 0.000010 0.000010 0.000010 0.000010 0.532545 0.000010 0.000010
0.000010 0.000010 0.000010 0.492128 0.000010 0.390116 0.000010 0.000010 0.117676 0.000010 0.000010
0.100270 0.000010 0.000010 0.367379 0.000010 0.000010 0.000010 0.000010 0.000010 0.532271 0.000010
0.000010 0.000010 0.000010 0.000010 0.194263 0.180537 0.000010 0.000010 0.151642 0.473488 0.000010
0.000010 0.000010 0.000010 0.999900 0.000010 0.000010 0.000010 0.000010 0.000010 0.000010 0.000010
0.000010 0.000010 0.568003 0.431907 0.000010 0.000010 0.000010 0.000010 0.000010 0.000010 0.000010
0.000010 0.000010 0.000010 0.498174 0.322989 0.151873 0.000010 0.026895 0.000010 0.000010 0.000010
0.000010 0.529899 0.000012 0.470009 0.000010 0.000010 0.000010 0.000010 0.000010 0.000010 0.000010
0.066937 0.000010 0.000010 0.458525 0.210571 0.263897 0.000010 0.000010 0.000010 0.000010 0.000010
0.000010 0.000010 0.000010 0.471433 0.000010 0.000010 0.000010 0.000010 0.528477 0.000010 0.000010
0.000010 0.000010 0.000010 0.472438 0.000010 0.331093 0.000010 0.000010 0.196389 0.000010 0.000010
0.000010 0.000010 0.000010 0.473579 0.000010 0.469646 0.000010 0.000010 0.000010 0.056694 0.000010
0.099972 0.000016 0.000010 0.373878 0.166036 0.131319 0.000010 0.000010 0.228724 0.000013 0.000010
0.000010 0.000010 0.999900 0.000010 0.000010 0.000010 0.000010 0.000010 0.000010 0.000010 0.000010
0.000011 0.000010 0.000010 0.920238 0.000010 0.000010 0.000010 0.000010 0.000010 0.079671 0.000010
0.000010 0.365139 0.154720 0.480061 0.000010 0.000010 0.000010 0.000010 0.000010 0.000010 0.000010
0.092403 0.000010 0.000010 0.397705 0.182262 0.000010 0.000010 0.000010 0.327560 0.000010 0.000010
0.000010 0.000010 0.000010 0.000010 0.330142 0.426837 0.000010 0.000010 0.242940 0.000011 0.000010
0.000010 0.116499 0.384710 0.000010 0.302068 0.045259 0.000010 0.000010 0.151405 0.000010 0.000010
0.000010 0.000010 0.000010 0.498907 0.000010 0.404687 0.000010 0.000010 0.096326 0.000010 0.000010
0.000010 0.962110 0.000010 0.037800 0.000010 0.000010 0.000010 0.000010 0.000010 0.000010 0.000010
0.000012 0.000010 0.000010 0.999898 0.000010 0.000010 0.000010 0.000010 0.000010 0.000010 0.000010
0.000010 0.000010 0.000010 0.999900 0.000010 0.000010 0.000010 0.000010 0.000010 0.000010 0.000010
0.054556 0.000010 0.000010 0.391743 0.000010 0.000010 0.000010 0.000010 0.000010 0.553621 0.000010
0.000010 0.000010 0.000010 0.000010 0.000010 0.000010 0.000010 0.000010 0.000010 0.507452 0.492458
0.000010 0.000010 0.000010 0.000010 0.000010 0.000010 0.000010 0.000010 0.000010 0.500505 0.499405
0.000010 0.103430 0.412298 0.484191 0.000010 0.000010 0.000010 0.000010 0.000010 0.000010 0.000010
0.000010 0.103544 0.416998 0.479379 0.000010 0.000010 0.000010 0.000010 0.000010 0.000010 0.000010
0.000010 0.484793 0.000010 0.000010 0.000010 0.000012 0.000010 0.000010 0.000010 0.000010 0.515114
0.000010 0.528370 0.000010 0.000010 0.000010 0.000010 0.000010 0.000010 0.000010 0.000010 0.471540
0.000010 0.099826 0.457334 0.395315 0.000010 0.000010 0.000010 0.000010 0.000010 0.012948 0.034516
0.000010 0.000010 0.000010 0.999900 0.000010 0.000010 0.000010 0.000010 0.000010 0.000010 0.000010
0.028044 0.000010 0.000016 0.917368 0.000010 0.000014 0.054499 0.000010 0.000010 0.000010 0.000010
0.000010 0.000010 0.000010 0.999900 0.000010 0.000010 0.000010 0.000010 0.000010 0.000010 0.000010
0.068538 0.000010 0.000010 0.931371 0.000010 0.000010 0.000010 0.000011 0.000010 0.000010 0.000010
0.000010 0.000010 0.000010 0.000010 0.000010 0.000010 0.000010 0.698639 0.000010 0.301271 0.000010
0.000010 0.000010 0.000010 0.000010 0.000010 0.000010 0.999900 0.000010 0.000010 0.000010 0.000010
0.000010 0.000010 0.000010 0.000010 0.000010 0.468080 0.000010 0.531830 0.000010 0.000010 0.000010
0.000010 0.000010 0.999900 0.000010 0.000010 0.000010 0.000010 0.000010 0.000010 0.000010 0.000010
0.000010 0.552675 0.447235 0.000010 0.000010 0.000010 0.000010 0.000010 0.000010 0.000010 0.000010
0.000010 0.310862 0.616768 0.072290 0.000010 0.000010 0.000010 0.000010 0.000010 0.000010 0.000010
0.000010 0.999900 0.000010 0.000010 0.000010 0.000010 0.000010 0.000010 0.000010 0.000010 0.000010
0.000010 0.476811 0.523094 0.000010 0.000010 0.000010 0.000015 0.000010 0.000010 0.000010 0.000010
0.000010 0.200282 0.230580 0.000010 0.000010 0.000010 0.000010 0.000010 0.000010 0.000010 0.569058
0.001060 0.107802 0.326943 0.000010 0.000010 0.000010 0.000010 0.000010 0.000010 0.000010 0.564125
0.000010 0.248868 0.172447 0.000010 0.000010 0.000010 0.000010 0.000010 0.000010 0.000010 0.578605
0.000018 0.132300 0.204352 0.000010 0.000010 0.000010 0.000010 0.000010 0.000010 0.181697 0.481572
0.000010 0.133921 0.287785 0.000010 0.000010 0.000010 0.000010 0.000010 0.000010 0.000010 0.578214
0.000010 0.386532 0.049926 0.000010 0.000010 0.000010 0.000010 0.000010 0.000010 0.000010 0.563462
0.000010 0.000010 0.000010 0.000010 0.000010 0.479276 0.000010 0.000010 0.000010 0.000010 0.520634
0.057074 0.028366 0.510643 0.403847 0.000010 0.000010 0.000010 0.000010 0.000010 0.000010 0.000010
0.000010 0.366731 0.117016 0.000010 0.000010 0.516173 0.000010 0.000010 0.000010 0.000010 0.000010
0.000010 0.507640 0.492270 0.000010 0.000010 0.000010 0.000010 0.000010 0.000010 0.000010 0.000010
0.000010 0.224680 0.313491 0.368443 0.000010 0.000010 0.020310 0.010815 0.000010 0.062210 0.000010
0.000010 0.000010 0.451620 0.000010 0.000010 0.000010 0.000010 0.000010 0.000010 0.000010 0.548290
0.000010 0.000010 0.453517 0.000010 0.000010 0.000010 0.000010 0.000010 0.000010 0.000010 0.546393
0.000010 0.298733 0.184654 0.000010 0.000010 0.000010 0.000010 0.000010 0.000010 0.000010 0.516533
0.000010 0.107690 0.363853 0.000010 0.000010 0.000010 0.000011 0.000010 0.000010 0.000010 0.528375
0.000010 0.443940 0.015050 0.000010 0.000010 0.000010 0.000010 0.000010 0.000010 0.000010 0.540930
0.095053 0.000010 0.000010 0.348994 0.000010 0.000010 0.026093 0.000010 0.000010 0.000010 0.529791
0.000010 0.000010 0.000010 0.461427 0.000010 0.000010 0.000010 0.000010 0.000010 0.000010 0.538483
0.000010 0.000010 0.000010 0.447156 0.000010 0.000010 0.000010 0.000010 0.000010 0.000010 0.552754
0.202721 0.122597 0.000010 0.603521 0.000010 0.000010 0.000010 0.000010 0.000010 0.071091 0.000010
0.000010 0.000010 0.000010 0.999900 0.000010 0.000010 0.000010 0.000010 0.000010 0.000010 0.000010
0.000010 0.000010 0.000010 0.973147 0.000010 0.000010 0.026763 0.000010 0.000010 0.000010 0.000010
0.000010 0.000010 0.000010 0.999900 0.000010 0.000010 0.000010 0.000010 0.000010 0.000010 0.000010
0.000010 0.000010 0.000010 0.999900 0.000010 0.000010 0.000010 0.000010 0.000010 0.000010 0.000010
0.208838 0.000010 0.000010 0.764809 0.000010 0.000010 0.000010 0.026273 0.000010 0.000010 0.000010
0.082080 0.000010 0.000010 0.269190 0.360002 0.231113 0.057556 0.000010 0.000010 0.000010 0.000010
0.000010 0.000010 0.000010 0.000010 0.999900 0.000010 0.000010 0.000010 0.000010 0.000010 0.000010
0.026609 0.000010 0.000010 0.000010 0.000011 0.262189 0.000010 0.000010 0.189661 0.521470 0.000010
0.000010 0.000010 0.000010 0.000010 0.142007 0.292907 0.000010 0.000010 0.145006 0.420010 0.000010
0.061336 0.000010 0.000010 0.045319 0.000010 0.000010 0.000010 0.000010 0.000010 0.308555 0.584720
0.000010 0.000010 0.000010 0.000010 0.000010 0.496137 0.000010 0.000010 0.000010 0.503773 0.000010
0.000010 0.000010 0.000010 0.000010 0.000010 0.000010 0.999900 0.000010 0.000010 0.000010 0.000010
0.000010 0.000010 0.000010 0.000011 0.000010 0.000010 0.999899 0.000010 0.000010 0.000010 0.000010
0.000010 0.000010 0.000010 0.000010 0.000010 0.000010 0.999900 0.000010 0.000010 0.000010 0.000010
0.498839 0.000010 0.000010 0.000010 0.000010 0.000010 0.000010 0.000010 0.501071 0.000010 0.000010
0.000010 0.000010 0.000010 0.000010 0.000010 0.000010 0.000010 0.000010 0.999900 0.000010 0.000010
0.000010 0.000010 0.000010 0.000010 0.000010 0.000010 0.000010 0.000010 0.999900 0.000010 0.000010
0.500614 0.000010 0.000010 0.000010 0.000010 0.000010 0.000010 0.000010 0.499296 0.000010 0.000010
0.508479 0.000010 0.000010 0.000010 0.000010 0.000010 0.000010 0.000010 0.491431 0.000010 0.000010
0.999900 0.000010 0.000010 0.000010 0.000010 0.000010 0.000010 0.000010 0.000010 0.000010 0.000010
0.000010 0.000010 0.000010 0.000010 0.000010 0.000010 0.999900 0.000010 0.000010 0.000010 0.000010
0.000010 0.000010 0.000010 0.000010 0.270407 0.000010 0.000010 0.529687 0.199826 0.000010 0.000010
0.000010 0.000011 0.000010 0.000010 0.136674 0.540188 0.000010 0.000018 0.323049 0.000010 0.000010
0.069339 0.000010 0.000010 0.350284 0.000010 0.000010 0.000010 0.000010 0.000010 0.000010 0.580297
0.000010 0.000010 0.000010 0.000010 0.335237 0.426215 0.000010 0.000019 0.238459 0.000010 0.000010
0.000010 0.000010 0.000010 0.421827 0.000010 0.000010 0.000010 0.047170 0.000010 0.530922 0.000010
0.000010 0.000010 0.000010 0.000010 0.000010 0.000010 0.000010 0.000010 0.000010 0.443376 0.556534
0.000010 0.999900 0.000010 0.000010 0.000010 0.000010 0.000010 0.000010 0.000010 0.000010 0.000010
0.000010 0.429504 0.056390 0.000014 0.000010 0.000010 0.000010 0.000010 0.000010 0.000010 0.514022
0.000010 0.436869 0.000010 0.000010 0.000010 0.000010 0.000010 0.000010 0.000010 0.000010 0.563041
0.066593 0.000010 0.000010 0.399855 0.000010 0.000010 0.000010 0.000010 0.000010 0.000010 0.533472
0.000010 0.000010 0.471096 0.000010 0.000010 0.000010 0.000010 0.000010 0.000010 0.000010 0.528814
0.000010 0.000010 0.000010 0.441357 0.000017 0.000010 0.000010 0.000010 0.000010 0.000010 0.558546
0.000010 0.217850 0.246131 0.000010 0.000010 0.000010 0.000010 0.000010 0.000010 0.000010 0.535940
0.000010 0.000010 0.419998 0.000010 0.000010 0.000010 0.000010 0.000010 0.000010 0.000010 0.579912
0.000010 0.000010 0.467261 0.000010 0.000010 0.000010 0.000010 0.000010 0.000010 0.000010 0.532649
0.000010 0.475387 0.000010 0.000010 0.000010 0.000010 0.000010 0.000010 0.000010 0.000010 0.524523
0.000010 0.290684 0.709226 0.000010 0.000010 0.000010 0.000010 0.000010 0.000010 0.000010 0.000010
0.000010 0.999900 0.000010 0.000010 0.000010 0.000010 0.000010 0.000010 0.000010 0.000010 0.000010
0.096189 0.468982 0.434749 0.000010 0.000010 0.000010 0.000010 0.000010 0.000010 0.000010 0.000010
0.000010 0.000010 0.464168 0.000010 0.000010 0.000010 0.000010 0.000010 0.000010 0.000010 0.535742
0.000010 0.098424 0.355176 0.000010 0.000010 0.000010 0.000010 0.000010 0.000010 0.000010 0.546320
0.000010 0.317034 0.111680 0.000010 0.000010 0.000010 0.000010 0.000010 0.000010 0.000010 0.571206
0.000010 0.000010 0.448023 0.000017 0.000010 0.000010 0.000010 0.000010 0.000010 0.000010 0.551880
0.124599 0.000010 0.363815 0.511499 0.000018 0.000010 0.000010 0.000010 0.000010 0.000010 0.000010
0.000010 0.000010 0.000010 0.000010 0.000010 0.000010 0.999900 0.000010 0.000010 0.000010 0.000010
0.116084 0.000010 0.000010 0.393189 0.000010 0.000010 0.490647 0.000010 0.000010 0.000010 0.000010
0.000010 0.000010 0.000010 0.000010 0.000010 0.000010 0.999900 0.000010 0.000010 0.000010 0.000010
0.084322 0.000010 0.000010 0.000010 0.000010 0.000010 0.915588 0.000010 0.000010 0.000010 0.000010
0.000010 0.000010 0.000010 0.285664 0.000010 0.000010 0.714246 0.000010 0.000010 0.000010 0.000010
0.000010 0.586549 0.000010 0.413361 0.000010 0.000010 0.000010 0.000010 0.000010 0.000010 0.000010
0.016427 0.117315 0.825186 0.000010 0.000010 0.000010 0.041001 0.000010 0.000010 0.000010 0.000010
0.000010 0.439633 0.560263 0.000016 0.000010 0.000010 0.000017 0.000010 0.000010 0.000010 0.000010
0.060062 0.501887 0.000010 0.161640 0.000010 0.000010 0.000010 0.000010 0.000010 0.143875 0.132476
0.000010 0.999900 0.000010 0.000010 0.000010 0.000010 0.000010 0.000010 0.000010 0.000010 0.000010
0.000010 0.999900 0.000010 0.000010 0.000010 0.000010 0.000010 0.000010 0.000010 0.000010 0.000010
0.000010 0.363122 0.636788 0.000010 0.000010 0.000010 0.000010 0.000010 0.000010 0.000010 0.000010
0.092705 0.000010 0.907205 0.000010 0.000010 0.000010 0.000010 0.000010 0.000010 0.000010 0.000010
0.000010 0.000013 0.999897 0.000010 0.000010 0.000010 0.000010 0.000010 0.000010 0.000010 0.000010
0.000010 0.000010 0.999900 0.000010 0.000010 0.000010 0.000010 0.000010 0.000010 0.000010 0.000010
0.000010 0.000010 0.786547 0.178967 0.000010 0.000010 0.034407 0.000010 0.000010 0.000010 0.000010
0.000010 0.000010 0.999900 0.000010 0.000010 0.000010 0.000010 0.000010 0.000010 0.000010 0.000010
0.016320 0.000010 0.607968 0.000010 0.000010 0.000010 0.000010 0.000010 0.000010 0.375632 0.000010
0.000010 0.000010 0.000010 0.383165 0.000010 0.577213 0.000010 0.000010 0.000010 0.039542 0.000010
0.000010 0.000010 0.000010 0.000010 0.267131 0.389937 0.000010 0.000010 0.342852 0.000010 0.000010
0.000010 0.000010 0.000010 0.000010 0.000010 0.245394 0.000010 0.000010 0.754516 0.000010 0.000010
0.054669 0.000010 0.000010 0.345160 0.000010 0.000010 0.000010 0.000010 0.000010 0.600091 0.000010
0.000010 0.000010 0.000010 0.000010 0.000010 0.999891 0.000010 0.000010 0.000019 0.000010 0.000010
0.000010 0.000010 0.000010 0.000010 0.000010 0.565650 0.000010 0.000010 0.000010 0.434260 0.000010
0.000010 0.000010 0.000010 0.000010 0.066670 0.463586 0.000010 0.000010 0.000010 0.469664 0.000010
0.000010 0.000010 0.000010 0.000010 0.000010 0.000010 0.000010 0.000010 0.000010 0.999900 0.000010
0.000010 0.000010 0.000010 0.000010 0.000010 0.000010 0.000010 0.000010 0.000010 0.874427 0.125483
0.000010 0.000010 0.000010 0.000010 0.000010 0.000010 0.000010 0.000010 0.471186 0.528724 0.000010
0.187243 0.000010 0.000010 0.000010 0.000010 0.000010 0.000010 0.000010 0.000010 0.812667 0.000010
0.000010 0.000010 0.237418 0.048258 0.160345 0.426457 0.000010 0.000010 0.000010 0.127463 0.000010
0.000010 0.000010 0.000010 0.000010 0.464423 0.000010 0.000010 0.000010 0.077519 0.457979 0.000010
0.000010 0.000010 0.000010 0.000010 0.482168 0.000010 0.000010 0.000010 0.517742 0.000010 0.000010
0.000010 0.000010 0.000010 0.000010 0.484384 0.153255 0.000010 0.000012 0.362280 0.000010 0.000010
0.000010 0.000010 0.000010 0.000010 0.000010 0.539957 0.000010 0.000012 0.459952 0.000010 0.000010
0.000010 0.000010 0.000010 0.000010 0.387033 0.066100 0.000010 0.000010 0.546787 0.000010 0.000010
0.000010 0.000010 0.000010 0.000010 0.000010 0.999900 0.000010 0.000010 0.000010 0.000010 0.000010
0.000010 0.000010 0.000010 0.000010 0.176716 0.823194 0.000010 0.000010 0.000010 0.000010 0.000010
0.000010 0.000010 0.000010 0.000010 0.072969 0.926941 0.000010 0.000010 0.000010 0.000010 0.000010
