0.000010 0.000010 0.000010 0.000010 0.000010 0.999910 0.000010 0.000010 0.000010 0.000010
0.000010 0.000010 0.000010 0.000010 0.000010 0.000010 0.498612 0.000015 0.000010 0.501304
0.000010 0.000010 0.000010 0.000010 0.000010 0.999910 0.000010 0.000010 0.000010 0.000010
0.000010 0.000010 0.000010 0.000010 0.000010 0.999910 0.000010 0.000010 0.000010 0.000010
0.000010 0.000010 0.000010 0.000010 0.000010 0.497458 0.000010 0.000010 0.000010 0.502462
0.068629 0.000010 0.000010 0.000010 0.000010 0.931291 0.000010 0.000010 0.000010 0.000010
0.066134 0.000010 0.000010 0.000010 0.000010 0.933786 0.000010 0.000010 0.000010 0.000010
0.000010 0.000010 0.000010 0.000010 0.000010 0.493471 0.000010 0.506449 0.000010 0.000010
0.000010 0.000010 0.999910 0.000010 0.000010 0.000010 0.000010 0.000010 0.000010 0.000010
0.000010 0.000010 0.000010 0.000010 0.000010 0.999910 0.000010 0.000010 0.000010 0.000010
0.000010 0.000010 0.000010 0.476159 0.037442 0.457498 0.000010 0.000010 0.028841 0.000010
0.000010 0.000010 0.000010 0.000010 0.000010 0.494903 0.153082 0.351945 0.000010 0.000010
0.000010 0.000010 0.000011 0.000013 0.000010 0.000010 0.999906 0.000010 0.000010 0.000010
0.000010 0.000010 0.000010 0.000010 0.000010 0.492858 0.269474 0.237598 0.000010 0.000010
0.000010 0.000010 0.000010 0.501881 0.000010 0.498039 0.000010 0.000010 0.000010 0.000010
0.000010 0.000010 0.000010 0.496915 0.000010 0.000010 0.503005 0.000010 0.000010 0.000010
0.000010 0.000010 0.000010 0.000010 0.000016 0.494619 0.500869 0.000010 0.000010 0.004436
0.000010 0.000010 0.000010 0.499835 0.000010 0.495387 0.000010 0.000010 0.004708 0.000010
0.054745 0.000010 0.508015 0.000010 0.000011 0.437170 0.000010 0.000010 0.000010 0.000010
0.693550 0.000010 0.000010 0.000010 0.000010 0.306370 0.000010 0.000010 0.000010 0.000010
0.063761 0.000010 0.111625 0.000010 0.031252 0.402580 0.390731 0.000010 0.000010 0.000010
0.000010 0.000010 0.000010 0.000010 0.000010 0.495538 0.504382 0.000010 0.000010 0.000010
0.000010 0.000010 0.000010 0.000010 0.000010 0.999910 0.000010 0.000010 0.000010 0.000010
0.000010 0.000010 0.000010 0.000010 0.000010 0.999910 0.000010 0.000010 0.000010 0.000010
0.000010 0.000010 0.000010 0.000010 0.000013 0.493810 0.268991 0.237126 0.000010 0.000010
0.000010 0.000010 0.000010 0.503852 0.022616 0.473461 0.000010 0.000010 0.000010 0.000010
0.000010 0.000010 0.000010 0.495422 0.000010 0.000010 0.349484 0.155024 0.000010 0.000010
0.490004 0.000010 0.509916 0.000010 0.000010 0.000010 0.000010 0.000010 0.000010 0.000010
0.000010 0.000010 0.000010 0.000010 0.000010 0.958923 0.000010 0.000010 0.000010 0.040997
0.000010 0.000010 0.000010 0.502268 0.000010 0.497652 0.000010 0.000010 0.000010 0.000010
0.000010 0.000010 0.506177 0.000010 0.000010 0.489068 0.000010 0.000010 0.000010 0.004685
0.000010 0.000010 0.499132 0.500788 0.000010 0.000010 0.000010 0.000010 0.000010 0.000010
0.000010 0.000010 0.000010 0.000010 0.000010 0.999910 0.000010 0.000010 0.000010 0.000010
0.000010 0.000010 0.000010 0.000010 0.048838 0.450197 0.500895 0.000010 0.000010 0.000010
0.164518 0.000010 0.000010 0.495941 0.000010 0.337156 0.000010 0.000010 0.000010 0.002325
0.000010 0.000010 0.000010 0.000010 0.026812 0.473138 0.499980 0.000010 0.000010 0.000010
0.000010 0.000010 0.000010 0.502913 0.062404 0.434613 0.000010 0.000010 0.000010 0.000010
0.000010 0.000010 0.000010 0.498627 0.000010 0.501293 0.000010 0.000010 0.000010 0.000010
0.000010 0.000010 0.000010 0.503636 0.000010 0.477163 0.000010 0.000010 0.000010 0.019131
0.000010 0.000010 0.000010 0.502501 0.000010 0.497419 0.000010 0.000010 0.000010 0.000010
0.000010 0.000010 0.000010 0.496351 0.000010 0.499591 0.000010 0.000010 0.000010 0.003988
0.000010 0.000010 0.000010 0.000010 0.000010 0.500436 0.478372 0.021122 0.000010 0.000010
0.000010 0.000014 0.000010 0.000010 0.087868 0.912041 0.000010 0.000017 0.000010 0.000010
0.000010 0.000010 0.000010 0.000010 0.000010 0.496696 0.352481 0.150753 0.000010 0.000010
0.000010 0.000010 0.500776 0.499144 0.000010 0.000010 0.000010 0.000010 0.000010 0.000010
0.000010 0.000010 0.000010 0.999910 0.000010 0.000010 0.000010 0.000010 0.000010 0.000010
0.000010 0.000010 0.053651 0.497896 0.000010 0.000010 0.448384 0.000010 0.000010 0.000010
0.000010 0.000010 0.000010 0.498950 0.000010 0.500970 0.000010 0.000010 0.000010 0.000010
0.000010 0.000010 0.000010 0.000010 0.000010 0.000010 0.999910 0.000010 0.000010 0.000010
0.178711 0.000010 0.000010 0.000010 0.072817 0.748402 0.000010 0.000010 0.000010 0.000010
0.000010 0.000010 0.000010 0.000010 0.065798 0.934122 0.000010 0.000010 0.000010 0.000010
0.000010 0.000010 0.501418 0.000010 0.498502 0.000010 0.000010 0.000010 0.000010 0.000010
0.000010 0.000010 0.501184 0.000010 0.000010 0.000010 0.000010 0.000010 0.000010 0.498736
0.000010 0.000010 0.499630 0.000010 0.000010 0.000010 0.000010 0.000010 0.000010 0.500290
0.526651 0.000010 0.000010 0.000010 0.000010 0.000010 0.473269 0.000010 0.000010 0.000010
0.524814 0.000010 0.000010 0.000010 0.000010 0.000010 0.475106 0.000010 0.000010 0.000010
0.000010 0.000010 0.000010 0.000010 0.000010 0.000010 0.502903 0.000010 0.000010 0.497017
0.000010 0.000010 0.000010 0.000010 0.000010 0.000010 0.507794 0.000010 0.000010 0.492126
0.000010 0.000010 0.000010 0.000010 0.514984 0.000010 0.484936 0.000010 0.000010 0.000010
0.000010 0.000010 0.000010 0.000010 0.000010 0.978418 0.000010 0.000010 0.000010 0.021502
0.000010 0.000010 0.000010 0.000010 0.000010 0.999910 0.000010 0.000010 0.000010 0.000010
0.000010 0.000010 0.000010 0.000010 0.000010 0.999910 0.000010 0.000010 0.000010 0.000010
0.000010 0.000010 0.000010 0.000010 0.000010 0.999910 0.000010 0.000010 0.000010 0.000010
0.000010 0.000010 0.999910 0.000010 0.000010 0.000010 0.000010 0.000010 0.000010 0.000010
0.000010 0.000010 0.000010 0.000012 0.999908 0.000010 0.000010 0.000010 0.000010 0.000010
0.000010 0.000010 0.499356 0.500564 0.000010 0.000010 0.000010 0.000010 0.000010 0.000010
0.000010 0.000010 0.000010 0.000010 0.000010 0.000010 0.999910 0.000010 0.000010 0.000010
0.000010 0.000010 0.102442 0.000010 0.000010 0.000010 0.897478 0.000010 0.000010 0.000010
0.000010 0.000010 0.000010 0.000010 0.000010 0.000010 0.999905 0.000010 0.000015 0.000010
0.000010 0.000010 0.000010 0.000010 0.000010 0.000010 0.779234 0.220686 0.000010 0.000010
0.000010 0.000010 0.000010 0.000010 0.000010 0.000010 0.814143 0.185777 0.000010 0.000010
0.000010 0.000010 0.000010 0.000010 0.000010 0.000010 0.498319 0.000010 0.000010 0.501601
0.000010 0.000010 0.000010 0.000010 0.000010 0.000010 0.496890 0.000010 0.000010 0.503030
0.000010 0.000010 0.046735 0.000010 0.000010 0.000010 0.000010 0.445638 0.000010 0.507556
0.000011 0.000010 0.000010 0.000010 0.000010 0.000010 0.000010 0.491257 0.000010 0.508662
0.000010 0.000010 0.070383 0.000010 0.000010 0.000010 0.322390 0.107541 0.000010 0.499626
0.000010 0.000010 0.145003 0.000010 0.000010 0.000010 0.000010 0.355610 0.000010 0.499316
0.000010 0.000010 0.000010 0.497975 0.000010 0.000010 0.000010 0.000010 0.000010 0.501945
0.260118 0.000010 0.499039 0.000010 0.000010 0.240773 0.000010 0.000010 0.000010 0.000010
0.000010 0.000010 0.000010 0.501793 0.000010 0.000010 0.498127 0.000010 0.000010 0.000010
0.000010 0.000010 0.493436 0.000010 0.000010 0.000010 0.484933 0.021552 0.000019 0.000010
0.000010 0.000010 0.086615 0.000010 0.000010 0.499596 0.413720 0.000010 0.000010 0.000010
0.000010 0.000010 0.000010 0.000010 0.000010 0.000010 0.496521 0.000010 0.000010 0.503399
0.000010 0.000010 0.000010 0.000010 0.000010 0.000010 0.497492 0.000010 0.000010 0.502428
0.000010 0.000010 0.000010 0.000010 0.000010 0.000010 0.494950 0.000010 0.000010 0.504970
0.000010 0.000010 0.000010 0.000010 0.000010 0.000010 0.429393 0.069919 0.000010 0.500618
0.000010 0.000016 0.000010 0.000010 0.000010 0.000010 0.000010 0.499920 0.000010 0.499993
0.000010 0.000010 0.000010 0.000010 0.000010 0.511498 0.000010 0.000010 0.000010 0.488422
0.000010 0.000010 0.000010 0.000010 0.000010 0.479989 0.000010 0.000010 0.000010 0.519931
0.000010 0.000010 0.000010 0.000010 0.000010 0.477351 0.000010 0.000010 0.000010 0.522569
0.000010 0.000010 0.000010 0.000010 0.000010 0.999682 0.000010 0.000010 0.000010 0.000238
0.000010 0.000010 0.000010 0.000010 0.000010 0.983496 0.000010 0.000010 0.000010 0.016424
0.000010 0.000010 0.000010 0.000010 0.000010 0.999910 0.000010 0.000010 0.000010 0.000010
0.000010 0.000010 0.000010 0.000011 0.000010 0.999907 0.000010 0.000012 0.000010 0.000010
0.000010 0.000010 0.000014 0.000010 0.091084 0.908833 0.000010 0.000010 0.000010 0.000010
0.282368 0.000010 0.000010 0.000010 0.000010 0.716679 0.000010 0.000010 0.000010 0.000883
0.507877 0.000010 0.000010 0.492043 0.000010 0.000010 0.000010 0.000010 0.000010 0.000010
0.000010 0.000010 0.000010 0.999910 0.000010 0.000010 0.000010 0.000010 0.000010 0.000010
0.000010 0.000010 0.497749 0.492130 0.000010 0.000010 0.000010 0.000010 0.010051 0.000010
0.000010 0.000010 0.499062 0.500858 0.000010 0.000010 0.000010 0.000010 0.000010 0.000010
0.000010 0.000010 0.477029 0.000010 0.000010 0.496671 0.026230 0.000010 0.000010 0.000010
0.000010 0.000010 0.500086 0.499834 0.000010 0.000010 0.000010 0.000010 0.000010 0.000010
0.000010 0.000010 0.000010 0.000010 0.999910 0.000010 0.000010 0.000010 0.000010 0.000010
0.000010 0.000010 0.000010 0.000010 0.999910 0.000010 0.000010 0.000010 0.000010 0.000010
0.000010 0.999910 0.000010 0.000010 0.000010 0.000010 0.000010 0.000010 0.000010 0.000010
0.000010 0.000010 0.000010 0.000010 0.000010 0.000010 0.000010 0.000010 0.999910 0.000010
0.000016 0.000010 0.000010 0.000010 0.000010 0.000010 0.000010 0.000010 0.999904 0.000010
0.000011 0.000010 0.000010 0.000010 0.000010 0.485587 0.000010 0.000010 0.514332 0.000010
0.000010 0.000010 0.000010 0.000010 0.000010 0.000010 0.000010 0.000010 0.999910 0.000010
0.000010 0.000010 0.000010 0.000010 0.000010 0.000010 0.000010 0.000010 0.999910 0.000010
0.000010 0.000010 0.000012 0.000010 0.000010 0.000010 0.000010 0.000010 0.999908 0.000010
0.000018 0.000015 0.000010 0.000010 0.999897 0.000010 0.000010 0.000010 0.000010 0.000010
0.000010 0.000010 0.490423 0.509497 0.000010 0.000010 0.000010 0.000010 0.000010 0.000010
0.000010 0.000010 0.000010 0.999910 0.000010 0.000010 0.000010 0.000010 0.000010 0.000010
0.000010 0.000010 0.000010 0.000010 0.474198 0.000010 0.000010 0.000010 0.000010 0.525722
0.000010 0.000010 0.000010 0.999910 0.000010 0.000010 0.000010 0.000010 0.000010 0.000010
0.000010 0.000010 0.501528 0.000010 0.000010 0.498392 0.000010 0.000010 0.000010 0.000010
0.000010 0.000010 0.000010 0.000010 0.000010 0.490852 0.000010 0.000010 0.000010 0.509068
0.000010 0.000010 0.000010 0.000010 0.000010 0.000010 0.999910 0.000010 0.000010 0.000010
0.000010 0.000010 0.000010 0.000010 0.000010 0.000010 0.371976 0.124033 0.000010 0.503921
0.000010 0.000010 0.357688 0.000010 0.000010 0.000010 0.141297 0.000010 0.000010 0.500945
0.000010 0.000010 0.000010 0.000010 0.000010 0.492875 0.000010 0.000010 0.000010 0.507045
0.000010 0.000010 0.000010 0.000010 0.000010 0.000010 0.497039 0.000010 0.000010 0.502881
0.000010 0.000010 0.000010 0.000010 0.028612 0.450068 0.000010 0.000010 0.000010 0.521250
0.000010 0.000010 0.000010 0.000010 0.000010 0.000010 0.227245 0.270028 0.000010 0.502658
0.000010 0.000010 0.000010 0.000010 0.000010 0.000010 0.495334 0.000010 0.000010 0.504586
0.000010 0.000010 0.100226 0.000010 0.000010 0.000010 0.393249 0.000010 0.000010 0.506455
0.000010 0.000010 0.000010 0.000010 0.000010 0.000010 0.500483 0.000010 0.000010 0.499437
0.000010 0.000010 0.000010 0.000010 0.000010 0.000010 0.082034 0.917886 0.000010 0.000010
0.000010 0.000010 0.000012 0.000010 0.000010 0.000010 0.999908 0.000010 0.000010 0.000010
0.000010 0.000010 0.000010 0.000010 0.000010 0.000010 0.947402 0.052518 0.000010 0.000010
0.000010 0.000010 0.000010 0.000010 0.000010 0.000010 0.476149 0.019687 0.000010 0.504094
0.000010 0.000010 0.000010 0.000010 0.000010 0.000010 0.495714 0.000010 0.000010 0.504206
0.000010 0.000010 0.000010 0.000010 0.000010 0.000010 0.367691 0.129008 0.000010 0.503231
0.000010 0.000010 0.000010 0.000010 0.000010 0.000010 0.494078 0.000010 0.000010 0.505842
0.000010 0.000010 0.000010 0.000010 0.000010 0.496181 0.151522 0.352227 0.000010 0.000010
0.000010 0.000010 0.000010 0.000010 0.999910 0.000010 0.000010 0.000010 0.000010 0.000010
0.000010 0.999910 0.000010 0.000010 0.000010 0.000010 0.000010 0.000010 0.000010 0.000010
0.000010 0.000010 0.000010 0.000010 0.999910 0.000010 0.000010 0.000010 0.000010 0.000010
0.000010 0.999910 0.000010 0.000010 0.000010 0.000010 0.000010 0.000010 0.000010 0.000010
0.000010 0.999910 0.000010 0.000010 0.000010 0.000010 0.000010 0.000010 0.000010 0.000010
0.000010 0.000010 0.000010 0.000010 0.000010 0.000010 0.999910 0.000010 0.000010 0.000010
0.000010 0.000010 0.000010 0.000010 0.000010 0.000010 0.928620 0.071300 0.000010 0.000010
0.000010 0.000010 0.000010 0.000010 0.000010 0.000010 0.999910 0.000010 0.000010 0.000010
0.000010 0.000010 0.000010 0.000010 0.000010 0.495399 0.433876 0.070655 0.000010 0.000010
0.000010 0.000010 0.000010 0.000010 0.000010 0.000010 0.999910 0.000010 0.000010 0.000010
0.000010 0.000010 0.000010 0.000010 0.000010 0.000010 0.999909 0.000010 0.000011 0.000010
0.000010 0.000010 0.000010 0.000010 0.000010 0.000010 0.484555 0.515365 0.000010 0.000010
0.000010 0.000010 0.000010 0.000019 0.000010 0.000010 0.999894 0.000010 0.000017 0.000010
0.000010 0.000010 0.000010 0.000010 0.000010 0.000010 0.999910 0.000010 0.000010 0.000010
0.000010 0.000010 0.000010 0.000010 0.000010 0.000010 0.999910 0.000010 0.000010 0.000010
0.000010 0.000010 0.000010 0.000010 0.000010 0.000010 0.000010 0.999910 0.000010 0.000010
0.000010 0.000010 0.118257 0.000010 0.000010 0.000010 0.881663 0.000010 0.000010 0.000010
0.000010 0.000010 0.608885 0.000016 0.000010 0.000010 0.391029 0.000010 0.000010 0.000010
0.000010 0.000010 0.000010 0.512010 0.000010 0.487910 0.000010 0.000010 0.000010 0.000010
0.000010 0.000010 0.000010 0.999910 0.000010 0.000010 0.000010 0.000010 0.000010 0.000010
0.000010 0.000010 0.000010 0.999910 0.000010 0.000010 0.000010 0.000010 0.000010 0.000010
0.000010 0.000010 0.504466 0.000010 0.000010 0.495454 0.000010 0.000010 0.000010 0.000010
0.000010 0.000010 0.000010 0.999910 0.000010 0.000010 0.000010 0.000010 0.000010 0.000010
0.000010 0.000010 0.502899 0.000010 0.000010 0.497021 0.000010 0.000010 0.000010 0.000010
0.000010 0.000010 0.502571 0.497347 0.000010 0.000010 0.000010 0.000010 0.000012 0.000010
0.000010 0.000016 0.999904 0.000010 0.000010 0.000010 0.000010 0.000010 0.000010 0.000010
0.245627 0.000010 0.495119 0.000010 0.000010 0.259184 0.000010 0.000010 0.000010 0.000010
0.000010 0.000010 0.502263 0.497657 0.000010 0.000010 0.000010 0.000010 0.000010 0.000010
0.000010 0.000010 0.999910 0.000010 0.000010 0.000010 0.000010 0.000010 0.000010 0.000010
0.000010 0.000010 0.000010 0.999910 0.000010 0.000010 0.000010 0.000010 0.000010 0.000010
0.000010 0.000010 0.495404 0.504516 0.000010 0.000010 0.000010 0.000010 0.000010 0.000010
0.000010 0.000010 0.000010 0.999910 0.000010 0.000010 0.000010 0.000010 0.000010 0.000010
0.000010 0.000010 0.000010 0.999910 0.000010 0.000010 0.000010 0.000010 0.000010 0.000010
0.000010 0.000010 0.000010 0.999908 0.000011 0.000010 0.000010 0.000010 0.000010 0.000010
0.000010 0.000010 0.000010 0.999910 0.000010 0.000010 0.000010 0.000010 0.000010 0.000010
0.000010 0.000010 0.000010 0.999910 0.000010 0.000010 0.000010 0.000010 0.000010 0.000010
0.000010 0.000010 0.000010 0.979324 0.000010 0.000010 0.000010 0.000010 0.020596 0.000010
0.000010 0.000010 0.000010 0.999910 0.000010 0.000010 0.000010 0.000010 0.000010 0.000010
