0.000010 0.000010 0.000010 0.999960 0.000010
0.000010 0.489224 0.000010 0.000010 0.510746
0.000010 0.000010 0.000010 0.992837 0.007133
0.000010 0.000010 0.000010 0.969208 0.030762
0.000010 0.000010 0.000010 0.452434 0.547536
0.000010 0.000010 0.000010 0.999960 0.000010
0.000010 0.000010 0.000010 0.999960 0.000010
0.000010 0.495517 0.000010 0.499091 0.005372
0.000010 0.000010 0.520950 0.439560 0.039470
0.000010 0.000010 0.000010 0.964850 0.035120
0.508213 0.000010 0.000010 0.485835 0.005933
0.000010 0.501215 0.000010 0.479487 0.019278
0.000010 0.999960 0.000010 0.000010 0.000010
0.000010 0.494270 0.000010 0.493789 0.011921
0.506691 0.000010 0.000010 0.493279 0.000010
0.500766 0.499200 0.000010 0.000014 0.000010
0.000010 0.499846 0.000010 0.492496 0.007638
0.501195 0.000010 0.000010 0.498775 0.000010
0.243374 0.000010 0.000010 0.756596 0.000010
0.000010 0.000010 0.000010 0.919495 0.080475
0.000010 0.499749 0.000010 0.499897 0.000333
0.000010 0.505706 0.000010 0.480691 0.013583
0.000010 0.000010 0.000010 0.978006 0.021964
0.000010 0.000010 0.000010 0.975054 0.024916
0.000010 0.500443 0.000010 0.484853 0.014683
0.502731 0.000010 0.000010 0.480710 0.016539
0.501116 0.498851 0.000013 0.000010 0.000010
0.513050 0.000010 0.000010 0.432557 0.054374
0.501952 0.000010 0.000010 0.486427 0.011601
0.505767 0.000010 0.000010 0.492767 0.001446
0.000010 0.000010 0.504451 0.495519 0.000010
0.497484 0.000010 0.502486 0.000010 0.000010
0.000010 0.000010 0.000010 0.999269 0.000701
0.000010 0.498900 0.001490 0.499590 0.000010
0.505132 0.000010 0.000010 0.494838 0.000010
0.000010 0.503644 0.000010 0.494563 0.001773
0.505266 0.000010 0.000010 0.485512 0.009202
0.500603 0.000010 0.000010 0.496112 0.003265
0.498708 0.000010 0.000010 0.491023 0.010249
0.504110 0.000010 0.000010 0.495860 0.000010
0.506997 0.000010 0.000010 0.480069 0.012914
0.000010 0.503812 0.000010 0.469194 0.026974
0.000010 0.000010 0.000010 0.986465 0.013505
0.000010 0.498691 0.000010 0.501279 0.000010
0.499685 0.000010 0.500285 0.000010 0.000010
0.999960 0.000010 0.000010 0.000010 0.000010
0.502348 0.497620 0.000010 0.000012 0.000010
0.506586 0.000010 0.000010 0.492692 0.000701
0.000010 0.758488 0.241482 0.000010 0.000010
0.000010 0.000010 0.000010 0.999960 0.000010
0.000010 0.000010 0.000010 0.999960 0.000010
0.000010 0.000010 0.514427 0.481386 0.004167
0.000010 0.000010 0.502037 0.000010 0.497933
0.000010 0.000010 0.501093 0.000010 0.498877
0.000010 0.506676 0.000010 0.489307 0.003997
0.000010 0.505936 0.000010 0.488734 0.005310
0.000010 0.495615 0.000010 0.000010 0.504355
0.000010 0.502268 0.000010 0.000010 0.497702
0.000010 0.489527 0.000010 0.491233 0.019220
0.000010 0.000010 0.000010 0.985454 0.014515
0.000010 0.000010 0.000010 0.999960 0.000010
0.000010 0.000010 0.000010 0.974057 0.025913
0.000010 0.000010 0.000010 0.972336 0.027634
0.233520 0.000010 0.509671 0.256788 0.000010
0.000010 0.000010 0.000010 0.999960 0.000010
0.657773 0.000010 0.000010 0.337273 0.004934
0.000010 0.999960 0.000010 0.000010 0.000010
0.000010 0.999960 0.000010 0.000010 0.000010
0.000010 0.999960 0.000010 0.000010 0.000010
0.000010 0.999960 0.000010 0.000010 0.000010
0.000010 0.999960 0.000010 0.000010 0.000010
0.000010 0.492698 0.000010 0.000010 0.507272
0.000010 0.494194 0.000010 0.000010 0.505776
0.000010 0.491066 0.000010 0.000010 0.508904
0.000010 0.490504 0.000010 0.000010 0.509466
0.000010 0.492024 0.000010 0.000010 0.507946
0.000010 0.494778 0.000010 0.000010 0.505192
0.497589 0.000010 0.000010 0.000010 0.502381
0.000010 0.386750 0.127642 0.474325 0.011272
0.501026 0.498940 0.000010 0.000014 0.000010
0.000010 0.930518 0.069452 0.000010 0.000010
0.000010 0.502442 0.000010 0.491178 0.006359
0.000011 0.490105 0.000010 0.000010 0.509864
0.000010 0.486523 0.000010 0.000010 0.513447
0.000010 0.493760 0.000010 0.000010 0.506210
0.000010 0.489704 0.000010 0.000010 0.510266
0.000010 0.493630 0.000010 0.000010 0.506340
0.000010 0.000010 0.000010 0.459878 0.540092
0.000010 0.000010 0.000010 0.416857 0.583113
0.000010 0.000010 0.000010 0.453886 0.546084
0.000010 0.000010 0.000010 0.988863 0.011107
0.000010 0.000010 0.000010 0.972151 0.027819
0.000010 0.000010 0.000010 0.999960 0.000010
0.000010 0.000010 0.000010 0.999960 0.000010
0.000010 0.000010 0.000010 0.982158 0.017812
0.000010 0.000010 0.000010 0.999960 0.000010
0.510549 0.000010 0.000010 0.463732 0.025700
0.999950 0.000010 0.000019 0.000011 0.000010
0.496419 0.000010 0.503551 0.000010 0.000010
0.502488 0.000010 0.497482 0.000010 0.000010
0.000010 0.000010 0.504178 0.492036 0.003766
0.497297 0.000010 0.502673 0.000010 0.000010
0.000010 0.000010 0.000010 0.999960 0.000010
0.000010 0.000010 0.000010 0.999960 0.000010
0.041508 0.034795 0.054253 0.869434 0.000010
0.506269 0.000010 0.000010 0.493701 0.000010
0.999959 0.000010 0.000010 0.000011 0.000010
0.999960 0.000010 0.000010 0.000010 0.000010
0.507607 0.000010 0.000010 0.492363 0.000010
0.511632 0.000010 0.000010 0.488338 0.000010
0.000010 0.000010 0.000010 0.999960 0.000010
0.000010 0.016501 0.000010 0.983469 0.000010
0.719922 0.000010 0.000010 0.280048 0.000010
0.999960 0.000010 0.000010 0.000010 0.000010
0.000010 0.000010 0.000010 0.450037 0.549933
0.999960 0.000010 0.000010 0.000010 0.000010
0.000010 0.000010 0.507488 0.492482 0.000010
0.000010 0.000010 0.000010 0.444002 0.555968
0.000010 0.999960 0.000010 0.000010 0.000010
0.000010 0.488655 0.000010 0.000010 0.511315
0.000010 0.490587 0.000010 0.000010 0.509383
0.000010 0.000010 0.000010 0.456754 0.543216
0.000010 0.494366 0.000010 0.000010 0.505604
0.000010 0.000010 0.000010 0.463783 0.536187
0.000010 0.485672 0.000010 0.000010 0.514298
0.000010 0.487019 0.000010 0.000010 0.512951
0.000010 0.492050 0.000010 0.000010 0.507920
0.000010 0.491718 0.000010 0.000010 0.508252
0.000010 0.999960 0.000010 0.000010 0.000010
0.000010 0.999960 0.000010 0.000010 0.000010
0.000010 0.999960 0.000010 0.000010 0.000010
0.000010 0.497361 0.000010 0.000010 0.502609
0.000010 0.490360 0.000010 0.000010 0.509610
0.000010 0.491247 0.000010 0.000010 0.508723
0.000010 0.493774 0.000010 0.000010 0.506196
0.000010 0.494405 0.000010 0.505565 0.000010
0.000013 0.000010 0.000010 0.999957 0.000010
0.042683 0.034417 0.055637 0.867253 0.000010
0.000010 0.000010 0.000010 0.999960 0.000010
0.044168 0.035277 0.057840 0.862705 0.000010
0.042331 0.035478 0.056941 0.865240 0.000010
0.000010 0.999954 0.000016 0.000010 0.000010
0.000010 0.999960 0.000010 0.000010 0.000010
0.000010 0.999960 0.000010 0.000010 0.000010
0.000010 0.513786 0.000010 0.475378 0.010815
0.000010 0.999960 0.000010 0.000010 0.000010
0.000010 0.999960 0.000010 0.000010 0.000010
0.000010 0.999960 0.000010 0.000010 0.000010
0.000010 0.999960 0.000010 0.000010 0.000010
0.000010 0.999960 0.000010 0.000010 0.000010
0.000010 0.999960 0.000010 0.000010 0.000010
0.000010 0.999960 0.000010 0.000010 0.000010
0.000010 0.999960 0.000010 0.000010 0.000010
0.000010 0.506358 0.493612 0.000010 0.000010
0.515892 0.000010 0.000010 0.469806 0.014282
0.999957 0.000012 0.000010 0.000012 0.000010
0.999957 0.000010 0.000010 0.000013 0.000010
0.000010 0.000010 0.520405 0.476015 0.003561
0.999958 0.000010 0.000010 0.000012 0.000010
0.501330 0.000010 0.498639 0.000010 0.000010
0.500103 0.000010 0.499867 0.000010 0.000010
0.000010 0.000010 0.999960 0.000010 0.000010
0.000010 0.000010 0.505209 0.494761 0.000010
0.494399 0.000010 0.505571 0.000010 0.000010
0.000010 0.000010 0.999960 0.000010 0.000010
0.999960 0.000010 0.000010 0.000010 0.000010
0.500566 0.000010 0.499404 0.000010 0.000010
0.999960 0.000010 0.000010 0.000010 0.000010
0.999960 0.000010 0.000010 0.000010 0.000010
0.999957 0.000010 0.000010 0.000013 0.000010
0.999959 0.000010 0.000010 0.000011 0.000010
0.999957 0.000010 0.000010 0.000013 0.000010
0.999960 0.000010 0.000010 0.000010 0.000010
0.999958 0.000010 0.000010 0.000012 0.000010
