0.000010 0.000010 0.999950 0.000010 0.000010 0.000010
0.375821 0.000010 0.000010 0.000010 0.079443 0.544706
0.000010 0.000010 0.657197 0.000010 0.237579 0.105194
0.000010 0.000010 0.309900 0.000010 0.690060 0.000010
0.000010 0.000010 0.435772 0.000010 0.000010 0.564188
0.000010 0.000010 0.999950 0.000010 0.000010 0.000010
0.000010 0.000010 0.999950 0.000010 0.000010 0.000010
0.477636 0.000010 0.458433 0.043003 0.020908 0.000010
0.097978 0.000010 0.084272 0.000010 0.755223 0.062507
0.000010 0.000010 0.912511 0.000010 0.080834 0.006625
0.000010 0.344862 0.472468 0.000010 0.182641 0.000010
0.484220 0.000010 0.467265 0.048485 0.000010 0.000010
0.999950 0.000010 0.000010 0.000010 0.000010 0.000010
0.421589 0.000010 0.508696 0.069686 0.000010 0.000010
0.000010 0.505884 0.488632 0.005454 0.000010 0.000010
0.428348 0.388383 0.013722 0.016513 0.153023 0.000010
0.515444 0.000010 0.484513 0.000013 0.000010 0.000010
0.000010 0.541663 0.458297 0.000010 0.000010 0.000010
0.000010 0.000010 0.700115 0.000010 0.240277 0.059578
0.000010 0.000010 0.580454 0.082223 0.191605 0.145698
0.371552 0.000010 0.628408 0.000010 0.000010 0.000010
0.481481 0.000010 0.452256 0.066234 0.000010 0.000010
0.000010 0.000010 0.999950 0.000010 0.000010 0.000010
0.000010 0.000010 0.999950 0.000010 0.000010 0.000010
0.560256 0.000010 0.439704 0.000010 0.000010 0.000010
0.000010 0.356546 0.473440 0.035924 0.134071 0.000010
0.417956 0.555582 0.026428 0.000014 0.000010 0.000010
0.000010 0.479809 0.250819 0.025119 0.147567 0.096676
0.018019 0.525759 0.456192 0.000010 0.000010 0.000010
0.000010 0.521887 0.478065 0.000018 0.000010 0.000010
0.000010 0.000010 0.462735 0.000010 0.537225 0.000010
0.000010 0.511318 0.000010 0.000010 0.488642 0.000010
0.000010 0.000010 0.999950 0.000010 0.000010 0.000010
0.548799 0.000010 0.436304 0.014868 0.000010 0.000010
0.000010 0.423286 0.485396 0.038738 0.052559 0.000010
0.523656 0.000010 0.476304 0.000010 0.000010 0.000010
0.000010 0.450678 0.521494 0.000010 0.027798 0.000010
0.000010 0.512565 0.487395 0.000010 0.000010 0.000010
0.000010 0.533338 0.466622 0.000010 0.000010 0.000010
0.000010 0.478340 0.468877 0.000010 0.041951 0.010812
0.000010 0.516423 0.483537 0.000010 0.000010 0.000010
0.999950 0.000010 0.000010 0.000010 0.000010 0.000010
0.000010 0.000010 0.922670 0.000010 0.077290 0.000010
0.515249 0.000010 0.484710 0.000011 0.000010 0.000010
0.000010 0.491802 0.506940 0.000010 0.000010 0.001229
0.000010 0.999950 0.000010 0.000010 0.000010 0.000010
0.526604 0.472383 0.000010 0.000010 0.000010 0.000983
0.000010 0.515735 0.484225 0.000010 0.000010 0.000010
0.917212 0.000010 0.082748 0.000010 0.000010 0.000010
0.000010 0.000010 0.999950 0.000010 0.000010 0.000010
0.000010 0.000010 0.999948 0.000012 0.000010 0.000010
0.000010 0.000010 0.447481 0.000010 0.552479 0.000010
0.000010 0.000010 0.000010 0.000010 0.500836 0.499124
0.000010 0.000010 0.000010 0.000010 0.493757 0.506203
0.505077 0.000010 0.494883 0.000010 0.000010 0.000010
0.511449 0.000010 0.488511 0.000010 0.000010 0.000010
0.462753 0.000010 0.000010 0.000010 0.000010 0.537207
0.515935 0.000010 0.000010 0.000010 0.000010 0.484025
0.539699 0.000010 0.412535 0.000010 0.007586 0.040161
0.000010 0.000010 0.999950 0.000010 0.000010 0.000010
0.000010 0.000010 0.945028 0.054932 0.000010 0.000010
0.000010 0.000010 0.967927 0.032033 0.000010 0.000010
0.000010 0.000010 0.999950 0.000010 0.000010 0.000010
0.000010 0.000010 0.231127 0.000010 0.675115 0.093727
0.000010 0.000010 0.000010 0.999950 0.000010 0.000010
0.000010 0.482458 0.172401 0.000010 0.276712 0.068409
0.890429 0.000010 0.109531 0.000010 0.000010 0.000010
0.999950 0.000010 0.000010 0.000010 0.000010 0.000010
0.889531 0.000010 0.110429 0.000010 0.000010 0.000010
0.999950 0.000010 0.000010 0.000010 0.000010 0.000010
0.999950 0.000010 0.000010 0.000010 0.000010 0.000010
0.428272 0.000010 0.000010 0.000010 0.000010 0.571688
0.426408 0.000010 0.000010 0.000010 0.000010 0.573552
0.416337 0.000010 0.000010 0.000010 0.000010 0.583623
0.334442 0.000010 0.000010 0.000010 0.175094 0.490434
0.416509 0.000010 0.000010 0.000010 0.000010 0.583451
0.437243 0.000010 0.000010 0.000010 0.000010 0.562717
0.000010 0.488310 0.000010 0.000010 0.000010 0.511650
0.531153 0.000010 0.468807 0.000010 0.000010 0.000010
0.475541 0.524419 0.000010 0.000010 0.000010 0.000010
0.999950 0.000010 0.000010 0.000010 0.000010 0.000010
0.532677 0.000010 0.371081 0.027110 0.064734 0.004387
0.437605 0.000010 0.000010 0.000010 0.000010 0.562355
0.437427 0.000010 0.000010 0.000010 0.000010 0.562533
0.478527 0.000010 0.000010 0.000010 0.000010 0.521433
0.468642 0.000010 0.000010 0.000010 0.000010 0.531318
0.459917 0.000010 0.000010 0.000010 0.000010 0.540043
0.000010 0.000010 0.435439 0.026809 0.000010 0.537722
0.000010 0.000010 0.444907 0.000010 0.000010 0.555053
0.000010 0.000010 0.434165 0.000010 0.000010 0.565795
0.096837 0.000010 0.828145 0.000010 0.074988 0.000010
0.000010 0.000010 0.999944 0.000016 0.000010 0.000010
0.000010 0.000010 0.949521 0.050439 0.000010 0.000010
0.000010 0.000010 0.999950 0.000010 0.000010 0.000010
0.000010 0.000010 0.999950 0.000010 0.000010 0.000010
0.000010 0.000010 0.999950 0.000010 0.000010 0.000010
0.000010 0.530466 0.334302 0.077433 0.057779 0.000010
0.000010 0.899938 0.000010 0.000010 0.100022 0.000010
0.000010 0.464124 0.000010 0.000010 0.535836 0.000010
0.000010 0.573779 0.000010 0.000010 0.426181 0.000010
0.000010 0.000010 0.097607 0.000010 0.313303 0.589060
0.000010 0.528758 0.000010 0.000010 0.471202 0.000010
0.000010 0.000010 0.000010 0.999950 0.000010 0.000010
0.000010 0.000010 0.000010 0.999950 0.000010 0.000010
0.000010 0.000010 0.000010 0.999950 0.000010 0.000010
0.000010 0.513426 0.486534 0.000010 0.000010 0.000010
0.000010 0.999950 0.000010 0.000010 0.000010 0.000010
0.000010 0.999950 0.000010 0.000010 0.000010 0.000010
0.000010 0.518448 0.481512 0.000010 0.000010 0.000010
0.000010 0.514336 0.485624 0.000010 0.000010 0.000010
0.000010 0.000010 0.999950 0.000010 0.000010 0.000010
0.000010 0.000010 0.000010 0.999950 0.000010 0.000010
0.000010 0.456395 0.180190 0.000010 0.295740 0.067655
0.000010 0.999950 0.000010 0.000010 0.000010 0.000010
0.000010 0.000010 0.408647 0.000010 0.000010 0.591313
0.000010 0.999950 0.000010 0.000010 0.000010 0.000010
0.000010 0.000010 0.438100 0.000010 0.561860 0.000010
0.000010 0.000010 0.000010 0.000010 0.437601 0.562359
0.999950 0.000010 0.000010 0.000010 0.000010 0.000010
0.486257 0.000010 0.000010 0.000010 0.000010 0.513703
0.441780 0.000010 0.000010 0.000010 0.000010 0.558180
0.000010 0.000010 0.456771 0.000010 0.000010 0.543189
0.457301 0.000010 0.000010 0.000010 0.000010 0.542659
0.000010 0.000010 0.424401 0.000010 0.000010 0.575559
0.460477 0.000010 0.000010 0.000010 0.000010 0.539483
0.410893 0.000010 0.000010 0.000010 0.000010 0.589067
0.461300 0.000010 0.000010 0.000010 0.000010 0.538660
0.466097 0.000010 0.000010 0.000010 0.000010 0.533863
0.999950 0.000010 0.000010 0.000010 0.000010 0.000010
0.999950 0.000010 0.000010 0.000010 0.000010 0.000010
0.909663 0.000010 0.090297 0.000010 0.000010 0.000010
0.455888 0.000010 0.000010 0.000010 0.000010 0.544072
0.447618 0.000010 0.000010 0.000010 0.000010 0.552342
0.423479 0.000010 0.000010 0.000010 0.000010 0.576481
0.434645 0.000010 0.000010 0.000010 0.000010 0.565315
0.356899 0.000010 0.643061 0.000010 0.000010 0.000010
0.000010 0.000010 0.000010 0.999950 0.000010 0.000010
0.000010 0.000010 0.508634 0.491326 0.000010 0.000010
0.000010 0.000010 0.000010 0.999950 0.000010 0.000010
0.000010 0.000010 0.000010 0.999950 0.000010 0.000010
0.000010 0.000010 0.275708 0.724252 0.000010 0.000010
0.581285 0.000010 0.406141 0.000010 0.000010 0.012544
0.873797 0.000010 0.073574 0.052600 0.000010 0.000010
0.999950 0.000010 0.000010 0.000010 0.000010 0.000010
0.489659 0.000010 0.227959 0.000010 0.148863 0.133499
0.999950 0.000010 0.000010 0.000010 0.000010 0.000010
0.999950 0.000010 0.000010 0.000010 0.000010 0.000010
0.999950 0.000010 0.000010 0.000010 0.000010 0.000010
0.813463 0.000010 0.186497 0.000010 0.000010 0.000010
0.999950 0.000010 0.000010 0.000010 0.000010 0.000010
0.999950 0.000010 0.000010 0.000010 0.000010 0.000010
0.745457 0.000010 0.252908 0.001605 0.000010 0.000010
0.980604 0.000010 0.019356 0.000010 0.000010 0.000010
0.599802 0.000010 0.000010 0.000010 0.400158 0.000010
0.003416 0.583311 0.331413 0.030290 0.051560 0.000010
0.000010 0.999950 0.000010 0.000010 0.000010 0.000010
0.000011 0.999936 0.000010 0.000016 0.000017 0.000010
0.000010 0.000010 0.387137 0.000010 0.612823 0.000010
0.000010 0.999950 0.000010 0.000010 0.000010 0.000010
0.000010 0.586377 0.000010 0.000010 0.413583 0.000010
0.000010 0.543826 0.000010 0.000010 0.456134 0.000010
0.000010 0.000010 0.000010 0.000010 0.999950 0.000010
0.000010 0.000010 0.000010 0.000010 0.880121 0.119839
0.000010 0.455585 0.000010 0.000010 0.544375 0.000010
0.000010 0.000010 0.141232 0.000010 0.858728 0.000010
0.229416 0.576077 0.063184 0.000010 0.131303 0.000010
0.000010 0.449018 0.000010 0.000010 0.550942 0.000010
0.000010 0.999950 0.000010 0.000010 0.000010 0.000010
0.000010 0.999950 0.000010 0.000010 0.000010 0.000010
0.000010 0.999950 0.000010 0.000010 0.000010 0.000010
0.000010 0.999950 0.000010 0.000010 0.000010 0.000010
0.000010 0.999950 0.000010 0.000010 0.000010 0.000010
0.000010 0.999950 0.000010 0.000010 0.000010 0.000010
0.000010 0.999950 0.000010 0.000010 0.000010 0.000010
