0.000010 0.000010 0.999950 0.000010 0.000010 0.000010
0.440548 0.000010 0.000010 0.000010 0.000010 0.559412
0.000010 0.000010 0.981446 0.000010 0.000010 0.018514
0.000010 0.000010 0.999950 0.000010 0.000010 0.000010
0.000010 0.000010 0.404577 0.000010 0.000010 0.595383
0.000010 0.000010 0.999950 0.000010 0.000010 0.000010
0.000010 0.000010 0.999950 0.000010 0.000010 0.000010
0.000010 0.000010 0.999949 0.000011 0.000010 0.000010
0.030896 0.000010 0.751976 0.000010 0.217098 0.000010
0.000010 0.000010 0.999950 0.000010 0.000010 0.000010
0.000010 0.499134 0.488408 0.000010 0.000010 0.012429
0.386614 0.000010 0.613346 0.000010 0.000010 0.000010
0.999950 0.000010 0.000010 0.000010 0.000010 0.000010
0.538074 0.000010 0.461886 0.000010 0.000010 0.000010
0.000010 0.505656 0.460005 0.034309 0.000010 0.000010
0.503421 0.496533 0.000010 0.000010 0.000015 0.000010
0.459130 0.000010 0.540830 0.000010 0.000010 0.000010
0.000010 0.505521 0.453863 0.000010 0.040586 0.000010
0.000010 0.000010 0.388481 0.028092 0.583397 0.000010
0.000010 0.000010 0.431787 0.000010 0.568173 0.000010
0.494881 0.000010 0.503556 0.000010 0.000010 0.001533
0.543353 0.000010 0.456607 0.000010 0.000010 0.000010
0.000010 0.000010 0.999950 0.000010 0.000010 0.000010
0.000010 0.000010 0.999950 0.000010 0.000010 0.000010
0.503831 0.000010 0.496129 0.000010 0.000010 0.000010
0.000010 0.504005 0.495955 0.000010 0.000010 0.000010
0.499533 0.500427 0.000010 0.000010 0.000010 0.000010
0.014736 0.000010 0.513122 0.000010 0.472112 0.000010
0.000010 0.000010 0.942070 0.000010 0.055142 0.002758
0.000010 0.501722 0.498238 0.000010 0.000010 0.000010
0.000010 0.000010 0.746753 0.000010 0.253207 0.000010
0.010467 0.507259 0.440577 0.000010 0.041677 0.000010
0.000010 0.000010 0.999950 0.000010 0.000010 0.000010
0.505188 0.000010 0.494772 0.000010 0.000010 0.000010
0.000010 0.507998 0.241446 0.000010 0.250526 0.000010
0.340008 0.000010 0.631774 0.000010 0.000010 0.028188
0.000010 0.500453 0.495856 0.000010 0.003661 0.000010
0.000010 0.506239 0.493721 0.000010 0.000010 0.000010
0.000010 0.496254 0.503706 0.000010 0.000010 0.000010
0.000010 0.507548 0.492412 0.000010 0.000010 0.000010
0.000010 0.507997 0.491963 0.000010 0.000010 0.000010
0.415958 0.000010 0.584002 0.000010 0.000010 0.000010
0.000010 0.000010 0.999950 0.000010 0.000010 0.000010
0.469393 0.000010 0.489637 0.000010 0.040941 0.000010
0.000010 0.479545 0.043914 0.000010 0.476511 0.000010
0.000010 0.962379 0.000010 0.000010 0.037581 0.000010
0.489841 0.510119 0.000010 0.000010 0.000010 0.000010
0.000010 0.492257 0.507703 0.000010 0.000010 0.000010
0.819332 0.000010 0.000010 0.000010 0.171816 0.008822
0.000010 0.000010 0.999950 0.000010 0.000010 0.000010
0.000010 0.000010 0.999950 0.000010 0.000010 0.000010
0.000010 0.000010 0.434660 0.000010 0.565300 0.000010
0.000010 0.000010 0.000010 0.000010 0.486020 0.513940
0.000010 0.000010 0.000010 0.000010 0.484083 0.515877
0.534415 0.000010 0.000010 0.000010 0.465545 0.000010
0.535475 0.000010 0.000010 0.000010 0.464485 0.000010
0.372702 0.000010 0.000010 0.000010 0.000010 0.627258
0.439291 0.000010 0.000010 0.000010 0.000010 0.560669
0.503495 0.000010 0.480205 0.000010 0.000010 0.016270
0.000015 0.000010 0.917896 0.000010 0.082059 0.000010
0.000010 0.000010 0.999950 0.000010 0.000010 0.000010
0.000010 0.000010 0.999950 0.000010 0.000010 0.000010
0.000010 0.000010 0.999950 0.000010 0.000010 0.000010
0.118377 0.000010 0.000010 0.000010 0.881583 0.000010
0.000010 0.000010 0.000010 0.999950 0.000010 0.000010
0.000010 0.485812 0.000010 0.000010 0.514148 0.000010
0.716291 0.000010 0.153664 0.000010 0.130015 0.000010
0.721779 0.000010 0.075362 0.000010 0.202830 0.000010
0.624949 0.000010 0.000010 0.000010 0.375011 0.000010
0.953378 0.000010 0.000010 0.000010 0.046582 0.000010
0.999950 0.000010 0.000010 0.000010 0.000010 0.000010
0.447001 0.000010 0.000010 0.000010 0.000010 0.552959
0.150611 0.000010 0.000010 0.000010 0.225525 0.623834
0.348312 0.000010 0.000010 0.000010 0.106845 0.544813
0.000010 0.000010 0.000010 0.000010 0.463714 0.536246
0.430763 0.000010 0.000010 0.000010 0.000010 0.569197
0.000010 0.000010 0.000010 0.000010 0.459647 0.540313
0.000010 0.491562 0.000010 0.000010 0.000010 0.508398
0.000010 0.000010 0.732448 0.000010 0.267512 0.000010
0.501159 0.498801 0.000010 0.000010 0.000010 0.000010
0.570123 0.000010 0.056280 0.000010 0.373567 0.000010
0.493805 0.000010 0.499726 0.000010 0.000010 0.006439
0.371257 0.000010 0.026524 0.000010 0.000010 0.602189
0.237335 0.000010 0.130826 0.000010 0.000010 0.631809
0.410633 0.000010 0.000010 0.000010 0.000010 0.589327
0.473851 0.000010 0.000010 0.000010 0.000010 0.526109
0.000010 0.000010 0.232818 0.000010 0.147424 0.619728
0.000010 0.000010 0.407601 0.000010 0.000010 0.592359
0.000010 0.000010 0.378175 0.000010 0.000010 0.621785
0.000010 0.000010 0.398479 0.000010 0.000010 0.601481
0.000010 0.000010 0.697344 0.302616 0.000010 0.000010
0.000010 0.000010 0.999950 0.000010 0.000010 0.000010
0.000010 0.000010 0.999950 0.000010 0.000010 0.000010
0.000010 0.000010 0.999950 0.000010 0.000010 0.000010
0.000010 0.000010 0.973077 0.026883 0.000010 0.000010
0.000014 0.000010 0.973075 0.000010 0.026881 0.000010
0.000010 0.473906 0.057601 0.000010 0.468463 0.000010
0.000010 0.999950 0.000010 0.000010 0.000010 0.000010
0.000010 0.507510 0.142056 0.000010 0.350404 0.000010
0.000010 0.498521 0.000010 0.000010 0.501439 0.000010
0.023227 0.000010 0.785377 0.000010 0.191366 0.000010
0.000010 0.503648 0.090161 0.000010 0.406162 0.000010
0.000010 0.000010 0.809952 0.190008 0.000010 0.000010
0.000010 0.000010 0.000010 0.999950 0.000010 0.000010
0.000010 0.000010 0.000010 0.999950 0.000010 0.000010
0.000010 0.999950 0.000010 0.000010 0.000010 0.000010
0.000010 0.999950 0.000010 0.000010 0.000010 0.000010
0.000010 0.519583 0.453627 0.000010 0.026761 0.000010
0.000010 0.999950 0.000010 0.000010 0.000010 0.000010
0.000010 0.999950 0.000010 0.000010 0.000010 0.000010
0.000010 0.999950 0.000010 0.000010 0.000010 0.000010
0.000010 0.000010 0.089429 0.910531 0.000010 0.000010
0.000010 0.506006 0.000010 0.000010 0.493954 0.000010
0.000010 0.999950 0.000010 0.000010 0.000010 0.000010
0.000010 0.000010 0.415600 0.000010 0.000010 0.584360
0.000010 0.999950 0.000010 0.000010 0.000010 0.000010
0.166347 0.000010 0.693316 0.000010 0.140306 0.000010
0.000010 0.000010 0.000010 0.000010 0.411905 0.588055
0.919918 0.000010 0.080042 0.000010 0.000010 0.000010
0.416497 0.000010 0.000010 0.000010 0.000010 0.583463
0.429871 0.000010 0.000010 0.000010 0.000010 0.570089
0.000016 0.000010 0.390758 0.000010 0.000010 0.609197
0.401169 0.000010 0.000010 0.000010 0.000010 0.598791
0.000010 0.000010 0.380800 0.000010 0.000010 0.619160
0.331476 0.000010 0.012446 0.000010 0.000010 0.656048
0.446362 0.000010 0.000010 0.000010 0.000010 0.553598
0.275348 0.000010 0.000011 0.000010 0.130300 0.594321
0.184267 0.000010 0.000010 0.000010 0.225987 0.589716
0.849519 0.000010 0.000010 0.000010 0.150441 0.000010
0.444311 0.000010 0.000010 0.000011 0.555647 0.000010
0.999950 0.000010 0.000010 0.000010 0.000010 0.000010
0.444267 0.000010 0.000010 0.000010 0.000010 0.555693
0.413052 0.000010 0.000010 0.000010 0.000010 0.586908
0.457203 0.000010 0.000010 0.000010 0.000010 0.542757
0.391703 0.000010 0.000010 0.000010 0.051333 0.556935
0.289144 0.000010 0.679905 0.000010 0.016694 0.014236
0.000010 0.000010 0.000010 0.999950 0.000010 0.000010
0.000010 0.000010 0.000010 0.999950 0.000010 0.000010
0.000010 0.000010 0.001027 0.998933 0.000010 0.000010
0.000010 0.000010 0.000010 0.999950 0.000010 0.000010
0.000010 0.000010 0.000010 0.999950 0.000010 0.000010
0.777124 0.000010 0.222836 0.000010 0.000010 0.000010
0.909346 0.000010 0.000010 0.000010 0.090614 0.000010
0.999950 0.000010 0.000010 0.000010 0.000010 0.000010
0.479580 0.000010 0.000010 0.000010 0.520380 0.000010
0.817343 0.000010 0.069105 0.000010 0.113522 0.000010
0.973955 0.000010 0.026005 0.000010 0.000010 0.000010
0.875118 0.000010 0.000010 0.000010 0.124842 0.000010
0.954214 0.000010 0.045746 0.000010 0.000010 0.000010
0.847340 0.000010 0.152620 0.000010 0.000010 0.000010
0.999950 0.000010 0.000010 0.000010 0.000010 0.000010
0.841895 0.000010 0.000010 0.000010 0.158065 0.000010
0.947214 0.000010 0.000010 0.000010 0.052746 0.000010
0.532267 0.000010 0.015914 0.000010 0.451789 0.000010
0.000010 0.516010 0.405794 0.000010 0.078166 0.000010
0.000010 0.999950 0.000010 0.000010 0.000010 0.000010
0.000010 0.999950 0.000010 0.000010 0.000010 0.000010
0.000010 0.000010 0.767117 0.000010 0.232843 0.000010
0.000010 0.999950 0.000010 0.000010 0.000010 0.000010
0.000010 0.000010 0.430757 0.040843 0.528370 0.000010
0.000010 0.509725 0.000010 0.000010 0.490235 0.000010
0.000010 0.000010 0.000010 0.000010 0.999950 0.000010
0.094095 0.000010 0.220796 0.000010 0.685079 0.000010
0.000010 0.500067 0.096380 0.000010 0.403523 0.000010
0.000010 0.000010 0.202004 0.000010 0.797956 0.000010
0.000010 0.999950 0.000010 0.000010 0.000010 0.000010
0.000010 0.503431 0.260707 0.000010 0.235832 0.000010
0.000010 0.999950 0.000010 0.000010 0.000010 0.000010
0.000010 0.999950 0.000010 0.000010 0.000010 0.000010
0.000010 0.999950 0.000010 0.000010 0.000010 0.000010
0.000010 0.999950 0.000010 0.000010 0.000010 0.000010
0.000010 0.999950 0.000010 0.000010 0.000010 0.000010
0.000010 0.999950 0.000010 0.000010 0.000010 0.000010
0.000010 0.999950 0.000010 0.000010 0.000010 0.000010
